0 0.093750 0.306024 0.086538 0.106024
0 0.522837 0.316867 0.064904 0.089157
0 0.718750 0.336145 0.067308 0.074699
0 0.287260 0.338554 0.069712 0.084337
0 0.885817 0.321687 0.084135 0.108434
0 0.396635 0.308434 0.057692 0.091566
0 0.459135 0.357831 0.033654 0.050602
0 0.576923 0.349398 0.038462 0.057831
0 0.662260 0.356627 0.045673 0.062651
0 0.812500 0.356627 0.048077 0.057831
0 0.094952 0.040964 0.088942 0.081928
0 0.521635 0.031325 0.067308 0.062651
0 0.719952 0.018072 0.069712 0.036145
0 0.286058 0.019277 0.072115 0.038554
0 0.884615 0.033735 0.086538 0.067470
0 0.397837 0.036145 0.060096 0.072289
0 0.578125 0.007229 0.040865 0.014458
