0 0.251202 0.268029 0.175481 0.185096
0 0.658654 0.227163 0.062500 0.103365
0 0.413462 0.218750 0.057692 0.072115
0 0.479567 0.219952 0.036058 0.060096
0 0.762019 0.243990 0.081731 0.127404
1 0.358173 0.288462 0.076923 0.125000
1 0.435096 0.312500 0.067308 0.096154
1 0.530048 0.221154 0.031250 0.043269
1 0.591346 0.230769 0.048077 0.057692
1 0.852163 0.265625 0.209135 0.194712
0 0.250000 0.079327 0.177885 0.158654
0 0.658654 0.106971 0.062500 0.103365
0 0.413462 0.112981 0.057692 0.072115
0 0.479567 0.114183 0.036058 0.060096
0 0.762019 0.090144 0.081731 0.127404
1 0.359375 0.054087 0.079327 0.108173
1 0.436298 0.034856 0.069712 0.069712
1 0.530048 0.110577 0.031250 0.043269
1 0.591346 0.100962 0.048077 0.057692
1 0.850962 0.082933 0.211538 0.165865
