0 0.881010 0.341346 0.151442 0.182692
0 0.646635 0.334135 0.129808 0.182692
0 0.417067 0.383413 0.064904 0.098558
0 0.185096 0.322115 0.144231 0.192308
0 0.504808 0.395433 0.091346 0.122596
0 0.280048 0.360577 0.088942 0.153846
0 0.334135 0.397837 0.076923 0.117788
0 0.879808 0.073317 0.153846 0.146635
0 0.647837 0.076923 0.132212 0.153846
0 0.415865 0.031250 0.067308 0.062500
0 0.186298 0.085337 0.146635 0.170673
0 0.506010 0.031250 0.093750 0.062500
0 0.278846 0.056490 0.091346 0.112981
0 0.335337 0.028846 0.079327 0.057692
