0 0.443510 0.451807 0.060096 0.079518
0 0.930288 0.536145 0.067308 0.065060
0 0.143029 0.453012 0.045673 0.048193
0 0.555288 0.457831 0.057692 0.053012
0 0.754808 0.469880 0.028846 0.033735
0 0.729567 0.427711 0.021635 0.021687
0 0.318510 0.431325 0.050481 0.048193
0 0.264423 0.475904 0.043269 0.055422
0 0.409856 0.456627 0.026442 0.040964
0 0.609375 0.443373 0.031250 0.033735
0 0.385817 0.421687 0.021635 0.028916
0 0.508413 0.426506 0.021635 0.019277
1 0.079327 0.456627 0.048077 0.065060
1 0.622596 0.465060 0.043269 0.053012
1 0.495192 0.450602 0.028846 0.033735
2 0.911058 0.648193 0.168269 0.284337
2 0.770433 0.544578 0.064904 0.183133
2 0.733173 0.475904 0.043269 0.118072
1 0.795673 0.428916 0.014423 0.019277
2 0.804087 0.446988 0.040865 0.055422
2 0.639423 0.585542 0.081731 0.293976
2 0.455529 0.622892 0.151442 0.402410
2 0.086538 0.602410 0.139423 0.361446
2 0.159856 0.557831 0.088942 0.238554
2 0.269231 0.595181 0.081731 0.303614
2 0.330529 0.559036 0.074519 0.303614
2 0.381010 0.455422 0.040865 0.101205
2 0.508413 0.503614 0.069712 0.130120
2 0.569712 0.604819 0.081731 0.342169
2 0.665865 0.465060 0.043269 0.130120
2 0.634615 0.403614 0.038462 0.069880
0 0.664663 0.412048 0.016827 0.024096
0 0.633413 0.380723 0.021635 0.024096
2 0.912260 0.937349 0.170673 0.120482
2 0.640625 0.966265 0.084135 0.062651
2 0.454327 0.920482 0.153846 0.154217
2 0.087740 0.940964 0.141827 0.113253
2 0.270433 0.959036 0.084135 0.077108
2 0.570913 0.944578 0.084135 0.106024
