0 0.286058 0.437349 0.076923 0.093976
0 0.475962 0.422892 0.081731 0.098795
0 0.201923 0.471084 0.105769 0.118072
0 0.421875 0.319277 0.064904 0.093976
0 0.599760 0.592771 0.117788 0.134940
0 0.875000 0.573494 0.125000 0.106024
0 0.793269 0.431325 0.081731 0.067470
0 0.294471 0.285542 0.050481 0.084337
0 0.475962 0.257831 0.052885 0.072289
0 0.710337 0.254217 0.060096 0.093976
0 0.375000 0.689157 0.158654 0.178313
0 0.652644 0.460241 0.093750 0.110843
0 0.420673 0.036145 0.067308 0.072289
0 0.294471 0.059036 0.050481 0.084337
0 0.475962 0.084337 0.052885 0.072289
0 0.710337 0.090361 0.060096 0.093976
0 0.376202 0.939759 0.161058 0.115663
