1 0.081731 0.509639 0.081731 0.089157
1 0.173077 0.520482 0.081731 0.081928
1 0.343750 0.563855 0.100962 0.110843
1 0.725962 0.569880 0.115385 0.118072
1 0.871394 0.492771 0.055288 0.060241
1 0.924279 0.469880 0.055288 0.067470
1 0.198317 0.448193 0.055288 0.053012
1 0.820913 0.501205 0.064904 0.077108
1 0.033654 0.485542 0.057692 0.069880
1 0.316106 0.446988 0.045673 0.060241
1 0.407452 0.442169 0.045673 0.050602
1 0.481971 0.434940 0.031250 0.040964
1 0.500000 0.416867 0.024038 0.033735
1 0.544471 0.432530 0.031250 0.045783
1 0.680288 0.426506 0.033654 0.038554
1 0.820913 0.445783 0.036058 0.033735
1 0.763221 0.434940 0.045673 0.045783
