1 0.790865 0.298795 0.072115 0.086747
1 0.311298 0.293976 0.069712 0.086747
1 0.621394 0.300000 0.069712 0.079518
1 0.127404 0.313253 0.081731 0.096386
1 0.490385 0.292771 0.057692 0.069880
1 0.914663 0.296386 0.117788 0.125301
1 0.870192 0.277108 0.072115 0.101205
1 0.419471 0.325301 0.050481 0.062651
1 0.790865 0.043373 0.072115 0.086747
1 0.311298 0.048193 0.069712 0.086747
1 0.621394 0.044578 0.069712 0.079518
1 0.128606 0.039759 0.084135 0.079518
1 0.490385 0.051807 0.057692 0.069880
1 0.913462 0.055422 0.120192 0.110843
1 0.870192 0.065060 0.072115 0.101205
1 0.418269 0.025301 0.052885 0.050602
