0 0.389423 0.409856 0.043269 0.064904
0 0.164663 0.548077 0.064904 0.062500
0 0.038462 0.500000 0.048077 0.062500
0 0.598558 0.528846 0.048077 0.057692
0 0.562500 0.421875 0.048077 0.055288
0 0.617788 0.423077 0.043269 0.057692
0 0.788462 0.528846 0.057692 0.052885
0 0.311298 0.268029 0.040865 0.036058
0 0.338942 0.292067 0.043269 0.036058
0 0.799279 0.423077 0.050481 0.067308
0 0.774038 0.403846 0.038462 0.052885
0 0.834135 0.419471 0.043269 0.050481
0 0.311298 0.066106 0.040865 0.036058
0 0.338942 0.042067 0.043269 0.036058
