0 0.866587 0.280723 0.084135 0.098795
0 0.567308 0.250602 0.081731 0.091566
0 0.972356 0.272289 0.050481 0.081928
0 0.819712 0.285542 0.057692 0.079518
0 0.492788 0.422892 0.129808 0.142169
0 0.213942 0.385542 0.057692 0.057831
0 0.718750 0.285542 0.033654 0.045783
0 0.558894 0.336145 0.045673 0.055422
0 0.866587 0.054217 0.084135 0.098795
0 0.567308 0.081928 0.081731 0.091566
0 0.972356 0.060241 0.050481 0.081928
0 0.819712 0.049398 0.057692 0.079518
0 0.718750 0.049398 0.033654 0.045783
0 0.557692 0.013253 0.048077 0.026506
