0 0.483173 0.373494 0.052885 0.057831
1 0.864183 0.342169 0.050481 0.062651
1 0.328125 0.348193 0.050481 0.055422
1 0.233173 0.369880 0.038462 0.040964
1 0.264423 0.377108 0.028846 0.040964
1 0.679087 0.349398 0.045673 0.053012
1 0.811298 0.340964 0.040865 0.045783
1 0.456731 0.359036 0.033654 0.057831
1 0.546875 0.375904 0.031250 0.043373
1 0.703125 0.356627 0.031250 0.043373
1 0.908654 0.349398 0.038462 0.053012
1 0.862981 0.012048 0.052885 0.024096
1 0.326923 0.007229 0.052885 0.014458
1 0.677885 0.006024 0.048077 0.012048
1 0.810096 0.008434 0.043269 0.016867
1 0.909856 0.006024 0.040865 0.012048
