0 0.188702 0.465144 0.050481 0.069712
0 0.126202 0.478365 0.036058 0.048077
0 0.324519 0.481971 0.062500 0.079327
0 0.368990 0.454327 0.050481 0.062500
0 0.480769 0.469952 0.038462 0.050481
0 0.525240 0.467548 0.045673 0.060096
0 0.566106 0.456731 0.036058 0.048077
0 0.610577 0.455529 0.062500 0.074519
0 0.731971 0.445913 0.069712 0.079327
0 0.776442 0.457933 0.038462 0.050481
0 0.843750 0.451923 0.033654 0.052885
0 0.885817 0.443510 0.045673 0.064904
0 0.950721 0.448317 0.060096 0.069712
0 0.989183 0.444712 0.016827 0.052885
