1 0.463942 0.312048 0.067308 0.084337
1 0.302885 0.308434 0.072115 0.091566
1 0.694712 0.304819 0.072115 0.084337
1 0.174279 0.300000 0.079327 0.093976
1 0.102163 0.333735 0.064904 0.074699
1 0.865385 0.314458 0.057692 0.084337
1 0.842548 0.307229 0.050481 0.079518
1 0.376202 0.345783 0.045673 0.074699
1 0.222356 0.350602 0.036058 0.040964
1 0.430288 0.339759 0.033654 0.057831
1 0.588942 0.306024 0.052885 0.072289
1 0.634615 0.310843 0.043269 0.057831
1 0.795673 0.325301 0.033654 0.048193
1 0.055288 0.343373 0.033654 0.069880
1 0.465144 0.032530 0.069712 0.065060
1 0.304087 0.036145 0.074519 0.072289
1 0.695913 0.036145 0.074519 0.072289
1 0.173077 0.040964 0.081731 0.081928
1 0.100962 0.019277 0.067308 0.038554
1 0.866587 0.031325 0.060096 0.062651
1 0.841346 0.033735 0.052885 0.067470
1 0.375000 0.013253 0.048077 0.026506
1 0.431490 0.012048 0.036058 0.024096
1 0.590144 0.032530 0.055288 0.065060
1 0.635817 0.026506 0.045673 0.053012
1 0.796875 0.016867 0.036058 0.033735
1 0.056490 0.013253 0.036058 0.026506
