0 0.441106 0.368990 0.117788 0.141827
0 0.598558 0.395433 0.081731 0.098558
0 0.806490 0.342548 0.084135 0.112981
0 0.082933 0.417067 0.098558 0.117788
0 0.204327 0.411058 0.091346 0.115385
0 0.737981 0.331731 0.115385 0.139423
0 0.530048 0.412260 0.064904 0.074519
0 0.377404 0.384615 0.086538 0.115385
0 0.926683 0.229567 0.141827 0.122596
2 0.073317 0.593750 0.137019 0.456731
2 0.218750 0.592548 0.144231 0.463942
2 0.352163 0.580529 0.132212 0.492788
2 0.438702 0.567308 0.319712 0.519231
2 0.631010 0.586538 0.122596 0.475962
2 0.778846 0.548077 0.221154 0.557692
2 0.926683 0.497596 0.141827 0.658654
0 0.439904 0.018029 0.120192 0.036058
0 0.805288 0.024038 0.086538 0.048077
0 0.739183 0.036058 0.117788 0.072115
0 0.926683 0.104567 0.141827 0.122596
2 0.072115 0.917067 0.139423 0.161058
2 0.219952 0.915865 0.146635 0.163462
2 0.350962 0.914663 0.134615 0.165865
2 0.437500 0.914663 0.322115 0.165865
2 0.629808 0.915865 0.125000 0.163462
2 0.780048 0.914663 0.223558 0.165865
2 0.925481 0.082933 0.144231 0.165865
2 0.925481 0.914663 0.144231 0.165865
