1 0.331731 0.375904 0.086538 0.096386
1 0.082933 0.313253 0.098558 0.106024
1 0.953125 0.340964 0.088942 0.118072
1 0.556490 0.344578 0.064904 0.081928
1 0.469952 0.345783 0.050481 0.069880
1 0.283654 0.313253 0.057692 0.072289
1 0.756010 0.325301 0.064904 0.077108
1 0.712740 0.312048 0.045673 0.069880
1 0.509615 0.291566 0.043269 0.072289
1 0.388221 0.312048 0.045673 0.060241
1 0.206731 0.297590 0.048077 0.055422
1 0.334135 0.314458 0.033654 0.045783
1 0.871394 0.313253 0.036058 0.043373
1 0.795673 0.318072 0.033654 0.048193
1 0.081731 0.037349 0.100962 0.074699
1 0.951923 0.026506 0.091346 0.053012
1 0.555288 0.015663 0.067308 0.031325
1 0.468750 0.012048 0.052885 0.024096
1 0.284856 0.028916 0.060096 0.057831
1 0.754808 0.024096 0.067308 0.048193
1 0.711538 0.028916 0.048077 0.057831
1 0.509615 0.040964 0.043269 0.072289
1 0.387019 0.026506 0.048077 0.053012
1 0.206731 0.037349 0.048077 0.055422
1 0.335337 0.021687 0.036058 0.043373
1 0.870192 0.021687 0.038462 0.043373
1 0.796875 0.020482 0.036058 0.040964
