0 0.356971 0.308894 0.084135 0.112981
0 0.618990 0.282452 0.074519 0.108173
0 0.545673 0.329327 0.110577 0.144231
1 0.844952 0.329327 0.204327 0.221154
1 0.438702 0.349760 0.074519 0.098558
1 0.049279 0.336538 0.074519 0.100962
1 0.118990 0.314904 0.064904 0.081731
2 0.097356 0.575721 0.189904 0.593750
2 0.313702 0.557692 0.194712 0.605769
2 0.417067 0.549279 0.141827 0.492788
2 0.538462 0.563702 0.177885 0.617788
2 0.632212 0.521635 0.125000 0.605769
2 0.871394 0.546875 0.252404 0.656250
2 0.724760 0.502404 0.300481 0.730769
1 0.763221 0.203125 0.093750 0.117788
0 0.617788 0.012019 0.076923 0.024038
2 0.096154 0.937500 0.192308 0.120192
1 0.762019 0.054087 0.096154 0.108173
