0 0.551683 0.419471 0.055288 0.064904
0 0.746394 0.414663 0.064904 0.074519
0 0.978365 0.432692 0.038462 0.072115
1 0.219952 0.409856 0.060096 0.069712
1 0.044471 0.419471 0.060096 0.069712
1 0.633413 0.415865 0.055288 0.062500
1 0.319712 0.456731 0.057692 0.062500
1 0.699519 0.420673 0.043269 0.062500
1 0.485577 0.421875 0.052885 0.060096
0 0.393029 0.449519 0.055288 0.072115
0 0.550481 0.026442 0.057692 0.052885
0 0.745192 0.031250 0.067308 0.062500
0 0.979567 0.021635 0.040865 0.043269
1 0.218750 0.032452 0.062500 0.064904
1 0.043269 0.027644 0.062500 0.055288
1 0.632212 0.027644 0.057692 0.055288
1 0.320913 0.007212 0.060096 0.014423
1 0.700721 0.025240 0.045673 0.050481
1 0.486779 0.024038 0.055288 0.048077
0 0.391827 0.013221 0.057692 0.026442
