0 0.743990 0.515625 0.064904 0.074519
1 0.311298 0.520433 0.050481 0.060096
1 0.866587 0.521635 0.045673 0.062500
1 0.417067 0.530048 0.045673 0.055288
1 0.241587 0.521635 0.050481 0.057692
1 0.638221 0.525240 0.050481 0.060096
1 0.913462 0.530048 0.043269 0.064904
1 0.503606 0.534856 0.050481 0.055288
0 0.026442 0.520433 0.033654 0.040865
0 0.171875 0.543269 0.040865 0.043269
1 0.688702 0.560096 0.031250 0.038462
0 0.742788 0.014423 0.067308 0.028846
0 0.742788 0.966346 0.067308 0.062500
1 0.310096 0.008413 0.052885 0.016827
1 0.311298 0.969952 0.050481 0.060096
1 0.865385 0.008413 0.048077 0.016827
1 0.866587 0.966346 0.045673 0.062500
1 0.417067 0.960337 0.045673 0.055288
1 0.240385 0.007212 0.052885 0.014423
1 0.241587 0.966346 0.050481 0.057692
1 0.637019 0.006010 0.052885 0.012019
1 0.638221 0.965144 0.050481 0.060096
1 0.913462 0.960337 0.043269 0.064904
1 0.503606 0.955529 0.050481 0.055288
0 0.026442 0.969952 0.033654 0.040865
0 0.171875 0.944712 0.040865 0.043269
1 0.688702 0.927885 0.031250 0.038462
