0 0.415865 0.432692 0.081731 0.091346
0 0.614183 0.421875 0.069712 0.069712
0 0.734375 0.189904 0.055288 0.038462
0 0.390625 0.251202 0.040865 0.045673
0 0.768029 0.203125 0.040865 0.045673
0 0.814904 0.204327 0.024038 0.033654
0 0.870192 0.192308 0.024038 0.028846
0 0.887019 0.203125 0.024038 0.026442
0 0.734375 0.146635 0.055288 0.038462
0 0.390625 0.087740 0.040865 0.045673
0 0.768029 0.135817 0.040865 0.045673
0 0.814904 0.132212 0.024038 0.033654
0 0.870192 0.144231 0.024038 0.028846
0 0.887019 0.135817 0.024038 0.026442
