0 0.896635 0.385817 0.110577 0.132212
0 0.759615 0.424279 0.076923 0.093750
0 0.676683 0.403846 0.069712 0.081731
0 0.838942 0.397837 0.057692 0.103365
1 0.090144 0.371394 0.127404 0.132212
1 0.582933 0.412260 0.069712 0.084135
1 0.463942 0.420673 0.057692 0.062500
0 0.246394 0.228365 0.021635 0.028846
0 0.152644 0.212740 0.021635 0.026442
0 0.082933 0.213942 0.021635 0.024038
0 0.026442 0.355769 0.048077 0.081731
0 0.246394 0.021635 0.021635 0.028846
0 0.152644 0.039663 0.021635 0.026442
0 0.082933 0.036058 0.021635 0.024038
