0 0.098558 0.318510 0.057692 0.064904
1 0.766827 0.296875 0.072115 0.093750
1 0.170673 0.289663 0.062500 0.069712
1 0.426683 0.262019 0.074519 0.096154
1 0.907452 0.268029 0.060096 0.079327
1 0.564904 0.301683 0.057692 0.079327
1 0.664663 0.329327 0.055288 0.072115
1 0.319712 0.322115 0.057692 0.076923
0 0.281250 0.325721 0.028846 0.045673
1 0.526442 0.317308 0.033654 0.057692
1 0.951923 0.305288 0.057692 0.067308
1 0.379808 0.310096 0.043269 0.057692
0 0.099760 0.028846 0.060096 0.057692
1 0.768029 0.046875 0.074519 0.093750
1 0.170673 0.054087 0.062500 0.069712
1 0.426683 0.079327 0.074519 0.096154
1 0.907452 0.075721 0.060096 0.079327
1 0.564904 0.042067 0.057692 0.079327
1 0.663462 0.025240 0.057692 0.050481
1 0.320913 0.030048 0.060096 0.060096
0 0.282452 0.020433 0.031250 0.040865
1 0.527644 0.027644 0.036058 0.055288
1 0.951923 0.036058 0.057692 0.067308
1 0.379808 0.031250 0.043269 0.057692
