0 0.198317 0.410843 0.055288 0.065060
0 0.356971 0.415663 0.050481 0.055422
0 0.597356 0.407229 0.045673 0.057831
0 0.467548 0.422892 0.040865 0.050602
0 0.246394 0.418072 0.040865 0.050602
0 0.560096 0.418072 0.033654 0.050602
0 0.641827 0.424096 0.043269 0.048193
0 0.411058 0.432530 0.028846 0.040964
0 0.378606 0.422892 0.026442 0.040964
1 0.296875 0.432530 0.031250 0.040964
1 0.025240 0.446988 0.045673 0.142169
0 0.197115 0.031325 0.057692 0.062651
0 0.355769 0.026506 0.052885 0.053012
0 0.597356 0.031325 0.045673 0.057831
0 0.466346 0.021687 0.043269 0.043373
0 0.245192 0.024096 0.043269 0.048193
0 0.561298 0.024096 0.036058 0.048193
0 0.643029 0.020482 0.045673 0.040964
0 0.412260 0.014458 0.031250 0.028916
0 0.377404 0.019277 0.028846 0.038554
1 0.295673 0.014458 0.033654 0.028916
1 0.024038 0.032530 0.048077 0.065060
