1 0.143029 0.385542 0.204327 0.240964
1 0.859375 0.381928 0.060096 0.074699
1 0.691106 0.385542 0.045673 0.072289
1 0.021635 0.379518 0.033654 0.060241
1 0.293269 0.402410 0.043269 0.062651
1 0.338942 0.390361 0.033654 0.043373
1 0.370192 0.400000 0.028846 0.038554
1 0.396635 0.383133 0.028846 0.043373
1 0.442308 0.392771 0.038462 0.053012
1 0.508413 0.387952 0.026442 0.033735
1 0.558894 0.389157 0.036058 0.045783
1 0.609375 0.401205 0.026442 0.031325
1 0.649038 0.400000 0.038462 0.048193
1 0.733173 0.410843 0.033654 0.040964
1 0.771635 0.407229 0.028846 0.033735
1 0.919471 0.392771 0.036058 0.048193
1 0.141827 0.034940 0.206731 0.069880
