0 0.837740 0.274038 0.204327 0.201923
0 0.670673 0.263221 0.110577 0.117788
0 0.197115 0.230769 0.105769 0.120192
0 0.570913 0.289663 0.103365 0.141827
0 0.052885 0.246394 0.057692 0.074519
0 0.298077 0.234375 0.129808 0.132212
1 0.439904 0.247596 0.110577 0.134615
1 0.116587 0.242788 0.045673 0.067308
1 0.067308 0.645433 0.129808 0.204327
1 0.939904 0.282452 0.067308 0.170673
0 0.836538 0.080529 0.206731 0.161058
0 0.670673 0.070913 0.110577 0.117788
0 0.197115 0.100962 0.105769 0.120192
0 0.569712 0.057692 0.105769 0.115385
0 0.052885 0.087740 0.057692 0.074519
0 0.298077 0.099760 0.129808 0.132212
1 0.439904 0.084135 0.110577 0.134615
1 0.116587 0.088942 0.045673 0.067308
1 0.068510 0.954327 0.132212 0.086538
1 0.941106 0.068510 0.069712 0.137019
