1 0.921875 0.391827 0.084135 0.100962
1 0.715144 0.400240 0.079327 0.098558
1 0.239183 0.484375 0.103365 0.117788
1 0.590144 0.405048 0.074519 0.108173
1 0.145433 0.394231 0.137019 0.201923
1 0.441106 0.412260 0.093750 0.112981
1 0.334135 0.491587 0.105769 0.127404
1 0.545673 0.411058 0.048077 0.081731
1 0.051683 0.403846 0.093750 0.216346
1 0.661058 0.448317 0.043269 0.064904
1 0.816106 0.444712 0.026442 0.033654
1 0.920673 0.010817 0.086538 0.021635
1 0.144231 0.034856 0.139423 0.069712
1 0.050481 0.033654 0.096154 0.067308
