0 0.545673 0.520482 0.072115 0.081928
0 0.153846 0.483133 0.072115 0.079518
0 0.522837 0.462651 0.040865 0.038554
0 0.743990 0.469880 0.040865 0.038554
1 0.338942 0.492771 0.062500 0.055422
1 0.394231 0.462651 0.057692 0.053012
1 0.465144 0.471084 0.050481 0.045783
1 0.643029 0.478313 0.060096 0.060241
1 0.680288 0.502410 0.043269 0.060241
0 0.707933 0.438554 0.036058 0.033735
1 0.606971 0.426506 0.026442 0.033735
1 0.646635 0.415663 0.028846 0.036145
1 0.673077 0.420482 0.024038 0.031325
1 0.538462 0.437349 0.028846 0.031325
