1 0.546875 0.418072 0.064904 0.084337
1 0.677885 0.401205 0.062500 0.074699
1 0.243990 0.412048 0.069712 0.081928
1 0.441106 0.398795 0.079327 0.113253
1 0.873798 0.375904 0.093750 0.106024
1 0.961538 0.366265 0.067308 0.072289
1 0.103365 0.324096 0.177885 0.204819
1 0.381010 0.418072 0.055288 0.074699
1 0.716346 0.385542 0.033654 0.062651
1 0.545673 0.010843 0.067308 0.021687
1 0.679087 0.016867 0.064904 0.033735
1 0.242788 0.013253 0.072115 0.026506
1 0.439904 0.027711 0.081731 0.055422
1 0.872596 0.037349 0.096154 0.074699
1 0.962740 0.033735 0.069712 0.067470
1 0.104567 0.087952 0.180288 0.175904
1 0.379808 0.008434 0.057692 0.016867
1 0.717548 0.021687 0.036058 0.043373
