0 0.497596 0.217548 0.076923 0.088942
0 0.769231 0.462740 0.076923 0.074519
0 0.338942 0.252404 0.062500 0.081731
0 0.045673 0.358173 0.048077 0.057692
0 0.218750 0.368990 0.057692 0.060096
0 0.949519 0.381010 0.033654 0.040865
0 0.966346 0.281250 0.028846 0.038462
0 0.905048 0.341346 0.031250 0.038462
1 0.115385 0.350962 0.057692 0.062500
1 0.706731 0.336538 0.033654 0.033654
1 0.781250 0.379808 0.038462 0.033654
1 0.641827 0.344952 0.028846 0.036058
0 0.498798 0.039663 0.079327 0.079327
0 0.340144 0.020433 0.064904 0.040865
