0 0.165865 0.422892 0.062500 0.069880
0 0.389423 0.453012 0.033654 0.053012
0 0.222356 0.445783 0.045673 0.057831
0 0.254808 0.449398 0.033654 0.055422
0 0.298077 0.448193 0.038462 0.057831
1 0.328125 0.463855 0.036058 0.045783
0 0.419471 0.450602 0.026442 0.048193
1 0.445913 0.451807 0.026442 0.040964
1 0.580529 0.444578 0.031250 0.040964
1 0.865385 0.430120 0.043269 0.055422
1 0.768029 0.427711 0.040865 0.045783
1 0.647837 0.451807 0.040865 0.050602
1 0.679087 0.428916 0.036058 0.043373
1 0.608173 0.439759 0.033654 0.045783
1 0.560096 0.443373 0.024038 0.033735
