0 0.364183 0.256010 0.141827 0.204327
0 0.437500 0.329327 0.096154 0.158654
0 0.243990 0.198317 0.050481 0.069712
0 0.105769 0.221154 0.081731 0.096154
0 0.045673 0.284856 0.086538 0.295673
0 0.171875 0.233173 0.045673 0.048077
0 0.633413 0.187500 0.146635 0.120192
1 0.293269 0.174279 0.086538 0.093750
1 0.500000 0.212740 0.057692 0.088942
0 0.362981 0.049279 0.144231 0.098558
0 0.243990 0.054087 0.050481 0.069712
0 0.106971 0.039663 0.084135 0.079327
0 0.046875 0.057692 0.088942 0.115385
0 0.170673 0.021635 0.048077 0.043269
0 0.633413 0.062500 0.146635 0.120192
1 0.293269 0.078125 0.086538 0.093750
1 0.501202 0.042067 0.060096 0.084135
