0 0.865385 0.332530 0.072115 0.086747
0 0.253606 0.326506 0.079327 0.093976
0 0.554087 0.346988 0.055288 0.072289
0 0.719952 0.355422 0.055288 0.065060
0 0.402644 0.336145 0.050481 0.074699
0 0.450721 0.344578 0.040865 0.062651
0 0.783654 0.346988 0.043269 0.057831
0 0.508413 0.359036 0.040865 0.062651
0 0.612981 0.346988 0.048077 0.057831
0 0.866587 0.022892 0.074519 0.045783
0 0.252404 0.027711 0.081731 0.055422
0 0.552885 0.012048 0.057692 0.024096
0 0.401442 0.018072 0.052885 0.036145
0 0.449519 0.010843 0.043269 0.021687
0 0.784856 0.008434 0.045673 0.016867
0 0.614183 0.008434 0.050481 0.016867
