0 0.525240 0.436298 0.064904 0.074519
0 0.649038 0.448317 0.115385 0.117788
0 0.442308 0.474760 0.048077 0.060096
0 0.394231 0.466346 0.038462 0.048077
0 0.371394 0.483173 0.031250 0.024038
0 0.340144 0.481971 0.021635 0.021635
2 0.724760 0.616587 0.276442 0.420673
2 0.554087 0.612981 0.151442 0.423077
2 0.463942 0.622596 0.091346 0.370192
2 0.406250 0.600962 0.062500 0.307692
2 0.366587 0.562500 0.040865 0.187500
2 0.338942 0.539663 0.033654 0.137019
2 0.723558 0.914663 0.278846 0.165865
2 0.552885 0.915865 0.153846 0.163462
2 0.465144 0.924279 0.093750 0.146635
2 0.407452 0.950721 0.064904 0.093750
