0 0.493990 0.334135 0.064904 0.096154
0 0.670673 0.329327 0.081731 0.096154
0 0.542067 0.312500 0.055288 0.100962
0 0.117788 0.364183 0.221154 0.281250
1 0.401442 0.343750 0.081731 0.096154
1 0.300481 0.354567 0.081731 0.127404
0 0.338942 0.298077 0.057692 0.091346
0 0.433894 0.301683 0.050481 0.074519
0 0.493990 0.103365 0.064904 0.096154
0 0.670673 0.108173 0.081731 0.096154
0 0.542067 0.125000 0.055288 0.100962
0 0.118990 0.108173 0.223558 0.216346
1 0.401442 0.093750 0.081731 0.096154
1 0.300481 0.085337 0.081731 0.127404
0 0.338942 0.139423 0.057692 0.091346
0 0.433894 0.138221 0.050481 0.074519
