1 0.968750 0.615663 0.033654 0.045783
1 0.138221 0.560241 0.031250 0.040964
1 0.175481 0.575904 0.043269 0.053012
1 0.263221 0.571084 0.040865 0.043373
1 0.343750 0.577108 0.033654 0.031325
1 0.401442 0.592771 0.033654 0.043373
1 0.493990 0.603614 0.045673 0.045783
1 0.525240 0.585542 0.026442 0.033735
1 0.550481 0.581928 0.033654 0.045783
1 0.594952 0.598795 0.031250 0.031325
1 0.625000 0.607229 0.043269 0.048193
1 0.681490 0.613253 0.036058 0.040964
1 0.766827 0.600000 0.043269 0.048193
1 0.843750 0.608434 0.038462 0.045783
1 0.909856 0.624096 0.040865 0.038554
