0 0.221154 0.568675 0.043269 0.043373
0 0.278846 0.565060 0.038462 0.045783
0 0.318510 0.563855 0.036058 0.038554
0 0.376202 0.567470 0.036058 0.040964
0 0.441106 0.577108 0.036058 0.040964
0 0.409856 0.556627 0.031250 0.038554
0 0.560096 0.572289 0.038462 0.036145
0 0.812500 0.566265 0.052885 0.053012
0 0.711538 0.551807 0.028846 0.028916
0 0.569712 0.526506 0.028846 0.036145
0 0.221154 0.930120 0.043269 0.043373
0 0.278846 0.936145 0.038462 0.045783
0 0.318510 0.934940 0.036058 0.038554
0 0.376202 0.933735 0.036058 0.040964
0 0.441106 0.924096 0.036058 0.040964
0 0.409856 0.942169 0.031250 0.038554
0 0.560096 0.928916 0.038462 0.036145
0 0.812500 0.932530 0.052885 0.053012
0 0.711538 0.946988 0.028846 0.028916
0 0.569712 0.974699 0.028846 0.036145
