0 0.412260 0.259615 0.064904 0.110577
0 0.707933 0.286058 0.122596 0.168269
0 0.475962 0.290865 0.067308 0.086538
0 0.884615 0.308894 0.096154 0.127404
0 0.218750 0.314904 0.125000 0.158654
0 0.104567 0.276442 0.084135 0.115385
0 0.342548 0.288462 0.088942 0.115385
0 0.591346 0.312500 0.048077 0.072115
0 0.516827 0.305288 0.024038 0.081731
0 0.281250 0.300481 0.052885 0.091346
0 0.025240 0.308894 0.040865 0.112981
0 0.546875 0.328125 0.031250 0.060096
0 0.825721 0.317308 0.045673 0.057692
0 0.411058 0.048077 0.067308 0.096154
0 0.706731 0.049279 0.125000 0.098558
0 0.477163 0.026442 0.069712 0.052885
0 0.885817 0.027644 0.098558 0.055288
0 0.219952 0.032452 0.127404 0.064904
0 0.103365 0.040865 0.086538 0.081731
0 0.341346 0.034856 0.091346 0.069712
0 0.592548 0.012019 0.050481 0.024038
0 0.518029 0.018029 0.026442 0.036058
0 0.282452 0.022837 0.055288 0.045673
0 0.024038 0.024038 0.043269 0.048077
0 0.824519 0.006010 0.048077 0.012019
