1 0.419471 0.384615 0.060096 0.081731
1 0.082933 0.322115 0.161058 0.206731
1 0.217548 0.325721 0.108173 0.108173
1 0.508413 0.381010 0.064904 0.079327
1 0.611779 0.361779 0.069712 0.093750
1 0.734375 0.349760 0.084135 0.108173
1 0.853365 0.360577 0.115385 0.129808
1 0.800481 0.343750 0.048077 0.091346
1 0.419471 0.052885 0.060096 0.081731
1 0.082933 0.115385 0.161058 0.206731
1 0.217548 0.114183 0.108173 0.108173
1 0.508413 0.058894 0.064904 0.079327
1 0.611779 0.078125 0.069712 0.093750
1 0.734375 0.090144 0.084135 0.108173
1 0.853365 0.076923 0.115385 0.129808
1 0.800481 0.093750 0.048077 0.091346
