0 0.268029 0.316867 0.064904 0.089157
0 0.215144 0.315663 0.055288 0.072289
0 0.510817 0.334940 0.069712 0.086747
0 0.715144 0.313253 0.079327 0.101205
0 0.414663 0.320482 0.069712 0.091566
0 0.367788 0.330120 0.048077 0.081928
2 0.064904 0.502410 0.129808 0.546988
2 0.734375 0.525301 0.122596 0.525301
2 0.528846 0.540964 0.125000 0.493976
2 0.378606 0.557831 0.185096 0.551807
2 0.254808 0.491566 0.120192 0.428916
2 0.194712 0.478313 0.105769 0.392771
0 0.266827 0.031325 0.067308 0.062651
0 0.213942 0.027711 0.057692 0.055422
0 0.509615 0.021687 0.072115 0.043373
0 0.713942 0.036145 0.081731 0.072289
0 0.413462 0.030120 0.072115 0.060241
0 0.368990 0.022892 0.050481 0.045783
2 0.733173 0.939759 0.125000 0.115663
2 0.530048 0.939759 0.127404 0.115663
2 0.377404 0.916867 0.187500 0.161446
