0 0.105769 0.448317 0.105769 0.122596
0 0.935096 0.500000 0.043269 0.043269
0 0.889423 0.498798 0.033654 0.040865
0 0.368990 0.467548 0.069712 0.093750
0 0.417067 0.478365 0.045673 0.072115
0 0.466346 0.485577 0.043269 0.057692
0 0.497596 0.469952 0.038462 0.060096
0 0.602163 0.501202 0.040865 0.045673
0 0.652644 0.498798 0.036058 0.045673
0 0.725962 0.493990 0.038462 0.050481
0 0.787260 0.506010 0.021635 0.031250
0 0.846154 0.497596 0.033654 0.043269
0 0.820913 0.495192 0.021635 0.038462
1 0.564904 0.484375 0.028846 0.040865
1 0.515625 0.495192 0.026442 0.033654
