0 0.211538 0.402644 0.086538 0.093750
0 0.792067 0.395433 0.103365 0.122596
1 0.487981 0.407452 0.081731 0.093750
1 0.379808 0.435096 0.062500 0.081731
1 0.596154 0.436298 0.043269 0.055288
1 0.670673 0.420673 0.033654 0.033654
1 0.643029 0.412260 0.026442 0.040865
1 0.724760 0.406250 0.036058 0.038462
1 0.862981 0.397837 0.033654 0.040865
1 0.556490 0.408654 0.031250 0.038462
0 0.212740 0.018029 0.088942 0.036058
0 0.790865 0.028846 0.105769 0.057692
1 0.489183 0.015625 0.084135 0.031250
1 0.864183 0.007212 0.036058 0.014423
