0 0.145433 0.656250 0.064904 0.062500
0 0.400240 0.752404 0.060096 0.057692
0 0.300481 0.618990 0.062500 0.074519
0 0.048077 0.472356 0.057692 0.055288
0 0.387019 0.475962 0.043269 0.052885
0 0.394231 0.628606 0.067308 0.069712
1 0.120192 0.533654 0.057692 0.062500
1 0.225962 0.745192 0.062500 0.062500
1 0.500000 0.604567 0.057692 0.040865
0 0.145433 0.949519 0.064904 0.062500
0 0.400240 0.853365 0.060096 0.057692
0 0.301683 0.973558 0.064904 0.048077
0 0.395433 0.969952 0.069712 0.055288
1 0.225962 0.860577 0.062500 0.062500
1 0.501202 0.989183 0.060096 0.016827
