0 0.140625 0.608173 0.170673 0.125000
0 0.894231 0.706731 0.201923 0.211538
0 0.728365 0.634615 0.067308 0.067308
0 0.347356 0.653846 0.088942 0.081731
0 0.671875 0.689904 0.098558 0.115385
2 0.170673 0.694712 0.331731 0.264423
2 0.362981 0.722356 0.230769 0.209135
2 0.657452 0.731971 0.233173 0.189904
2 0.751202 0.717548 0.108173 0.218750
0 0.895433 0.921875 0.204327 0.151442
0 0.346154 0.980769 0.091346 0.033654
0 0.670673 0.954327 0.100962 0.086538
2 0.171875 0.914663 0.334135 0.165865
2 0.364183 0.914663 0.233173 0.165865
2 0.656250 0.914663 0.235577 0.165865
2 0.750000 0.914663 0.110577 0.165865
