1 0.929087 0.314904 0.064904 0.081731
1 0.650240 0.324519 0.074519 0.100962
1 0.847356 0.301683 0.088942 0.108173
1 0.271635 0.308894 0.091346 0.112981
1 0.776442 0.340144 0.062500 0.079327
1 0.454327 0.311298 0.076923 0.112981
1 0.590144 0.320913 0.055288 0.098558
1 0.713942 0.340144 0.052885 0.079327
1 0.061298 0.281250 0.079327 0.105769
1 0.929087 0.084135 0.064904 0.081731
1 0.650240 0.074519 0.074519 0.100962
1 0.847356 0.099760 0.088942 0.108173
1 0.271635 0.092548 0.091346 0.112981
1 0.776442 0.061298 0.062500 0.079327
1 0.454327 0.090144 0.076923 0.112981
1 0.590144 0.080529 0.055288 0.098558
1 0.713942 0.061298 0.052885 0.079327
1 0.061298 0.117788 0.079327 0.105769
