0 0.762019 0.342169 0.100962 0.125301
0 0.903846 0.377108 0.062500 0.079518
0 0.465144 0.374699 0.045673 0.069880
0 0.650240 0.307229 0.112981 0.142169
0 0.194712 0.339759 0.076923 0.115663
0 0.588942 0.356627 0.057692 0.091566
0 0.409856 0.374699 0.040865 0.069880
0 0.383413 0.375904 0.045673 0.067470
0 0.975962 0.384337 0.038462 0.055422
0 0.086538 0.362651 0.168269 0.330120
0 0.298077 0.377108 0.033654 0.045783
0 0.336538 0.389157 0.033654 0.055422
0 0.552885 0.374699 0.033654 0.084337
0 0.525240 0.398795 0.045673 0.065060
0 0.763221 0.027711 0.103365 0.055422
0 0.649038 0.049398 0.115385 0.098795
0 0.195913 0.026506 0.079327 0.053012
0 0.590144 0.012048 0.060096 0.024096
0 0.087740 0.068675 0.170673 0.137349
