1 0.163462 0.508434 0.057692 0.062651
1 0.484375 0.504819 0.045673 0.055422
1 0.954327 0.513253 0.038462 0.043373
1 0.274038 0.522892 0.028846 0.038554
1 0.310096 0.521687 0.028846 0.036145
1 0.366587 0.524096 0.031250 0.036145
1 0.390625 0.519277 0.021635 0.036145
1 0.447115 0.515663 0.033654 0.043373
1 0.575721 0.528916 0.040865 0.045783
1 0.795673 0.521687 0.038462 0.045783
1 0.914663 0.521687 0.036058 0.036145
1 0.842548 0.522892 0.036058 0.038554
1 0.737981 0.507229 0.033654 0.040964
1 0.633413 0.533735 0.031250 0.040964
1 0.657452 0.527711 0.026442 0.043373
1 0.055288 0.522892 0.028846 0.038554
1 0.020433 0.527711 0.036058 0.043373
1 0.203125 0.518072 0.026442 0.043373
