1 0.467548 0.304087 0.074519 0.084135
1 0.391827 0.317308 0.072115 0.096154
1 0.730769 0.370192 0.067308 0.081731
1 0.883413 0.334135 0.069712 0.100962
1 0.213942 0.336538 0.067308 0.091346
1 0.078125 0.306490 0.064904 0.084135
1 0.616587 0.316106 0.074519 0.098558
1 0.265625 0.307692 0.055288 0.081731
1 0.674279 0.331731 0.040865 0.057692
1 0.817308 0.311298 0.052885 0.064904
1 0.984375 0.332933 0.026442 0.064904
1 0.466346 0.012019 0.076923 0.024038
1 0.076923 0.010817 0.067308 0.021635
1 0.615385 0.009615 0.076923 0.019231
1 0.264423 0.009615 0.057692 0.019231
