0 0.044471 0.444712 0.069712 0.081731
0 0.513221 0.412260 0.055288 0.084135
0 0.233173 0.433894 0.057692 0.069712
0 0.883413 0.397837 0.069712 0.084135
0 0.664663 0.389423 0.060096 0.081731
0 0.733173 0.417067 0.052885 0.069712
0 0.139423 0.433894 0.052885 0.069712
0 0.784856 0.412260 0.045673 0.069712
0 0.415865 0.418269 0.062500 0.072115
0 0.289663 0.424279 0.045673 0.064904
0 0.461538 0.414663 0.033654 0.069712
0 0.631010 0.425481 0.031250 0.043269
0 0.926683 0.418269 0.040865 0.067308
0 0.602163 0.433894 0.026442 0.040865
