0 0.679087 0.312048 0.079327 0.098795
0 0.441106 0.286747 0.069712 0.101205
0 0.215144 0.287952 0.098558 0.122892
0 0.807692 0.303614 0.091346 0.110843
0 0.756010 0.354217 0.045673 0.072289
0 0.497596 0.330120 0.048077 0.053012
0 0.343750 0.368675 0.043269 0.057831
0 0.635817 0.350602 0.055288 0.074699
0 0.677885 0.036145 0.081731 0.072289
0 0.439904 0.049398 0.072115 0.098795
0 0.213942 0.054217 0.100962 0.108434
0 0.808894 0.043373 0.093750 0.086747
0 0.754808 0.008434 0.048077 0.016867
0 0.498798 0.015663 0.050481 0.031325
0 0.634615 0.010843 0.057692 0.021687
