0 0.358173 0.258413 0.057692 0.088942
0 0.326923 0.366587 0.062500 0.079327
0 0.384615 0.295673 0.067308 0.072115
2 0.336538 0.437500 0.134615 0.216346
2 0.449519 0.409856 0.187500 0.281250
2 0.564904 0.364183 0.086538 0.233173
2 0.337740 0.280048 0.084135 0.108173
1 0.557692 0.271635 0.033654 0.038462
0 0.358173 0.075721 0.057692 0.088942
0 0.384615 0.036058 0.067308 0.072115
2 0.450721 0.032452 0.189904 0.064904
2 0.566106 0.043269 0.088942 0.086538
2 0.336538 0.054087 0.086538 0.108173
1 0.557692 0.060096 0.033654 0.038462
