1 0.942308 0.359375 0.062500 0.093750
1 0.063702 0.362981 0.064904 0.086538
1 0.764423 0.292067 0.067308 0.084135
1 0.305288 0.324519 0.067308 0.081731
1 0.182692 0.320913 0.067308 0.084135
1 0.366587 0.307692 0.055288 0.081731
1 0.838942 0.320913 0.057692 0.064904
1 0.228365 0.270433 0.057692 0.069712
1 0.837740 0.251202 0.055288 0.060096
1 0.475962 0.335337 0.057692 0.060096
1 0.502404 0.286058 0.052885 0.067308
1 0.429087 0.262019 0.045673 0.057692
1 0.610577 0.283654 0.062500 0.076923
1 0.667067 0.283654 0.050481 0.067308
1 0.763221 0.230769 0.040865 0.057692
1 0.802885 0.389423 0.067308 0.072115
1 0.229567 0.008413 0.060096 0.016827
1 0.836538 0.015625 0.057692 0.031250
1 0.427885 0.009615 0.048077 0.019231
1 0.762019 0.025240 0.043269 0.050481
