0 0.336538 0.572289 0.057692 0.074699
0 0.557692 0.265060 0.062500 0.062651
1 0.686298 0.220482 0.069712 0.084337
1 0.645433 0.255422 0.093750 0.101205
1 0.742788 0.256627 0.076923 0.084337
1 0.792067 0.200000 0.064904 0.062651
1 0.875000 0.218072 0.057692 0.089157
1 0.942308 0.197590 0.091346 0.057831
0 0.557692 0.067470 0.062500 0.062651
1 0.686298 0.114458 0.069712 0.084337
1 0.645433 0.077108 0.093750 0.101205
1 0.742788 0.078313 0.076923 0.084337
1 0.792067 0.132530 0.064904 0.062651
1 0.875000 0.116867 0.057692 0.089157
1 0.942308 0.134940 0.091346 0.057831
