1 0.842548 0.487952 0.060096 0.069880
1 0.580529 0.445783 0.050481 0.077108
1 0.516827 0.450602 0.048077 0.062651
1 0.140625 0.484337 0.050481 0.062651
1 0.688702 0.445783 0.050481 0.067470
1 0.789663 0.450602 0.050481 0.067470
1 0.721154 0.520482 0.052885 0.077108
1 0.385817 0.516867 0.050481 0.069880
1 0.235577 0.486747 0.048077 0.062651
1 0.740385 0.451807 0.043269 0.060241
1 0.284856 0.509639 0.050481 0.055422
1 0.840144 0.438554 0.050481 0.062651
1 0.177885 0.500000 0.048077 0.065060
1 0.308894 0.480723 0.036058 0.050602
1 0.354567 0.481928 0.036058 0.053012
1 0.338942 0.440964 0.038462 0.053012
1 0.429087 0.454217 0.045673 0.065060
1 0.469952 0.461446 0.036058 0.050602
1 0.449519 0.514458 0.048077 0.065060
1 0.524038 0.524096 0.052885 0.069880
1 0.633413 0.445783 0.045673 0.053012
1 0.629808 0.501205 0.048077 0.072289
