1 0.784856 0.331325 0.074519 0.084337
1 0.224760 0.301205 0.074519 0.096386
1 0.306490 0.306024 0.069712 0.081928
1 0.146635 0.321687 0.076923 0.093976
1 0.556490 0.321687 0.069712 0.093976
1 0.396635 0.312048 0.072115 0.089157
1 0.931490 0.353012 0.069712 0.084337
1 0.667067 0.325301 0.069712 0.086747
1 0.783654 0.022892 0.076923 0.045783
1 0.223558 0.040964 0.076923 0.081928
1 0.305288 0.034940 0.072115 0.069880
1 0.147837 0.030120 0.079327 0.060241
1 0.555288 0.030120 0.072115 0.060241
1 0.397837 0.033735 0.074519 0.067470
1 0.930288 0.012048 0.072115 0.024096
1 0.665865 0.026506 0.072115 0.053012
