0 0.015625 0.546988 0.026442 0.043373
0 0.064904 0.548193 0.038462 0.040964
0 0.123798 0.598795 0.045673 0.045783
0 0.461538 0.530120 0.043269 0.053012
0 0.370192 0.572289 0.033654 0.040964
0 0.239183 0.546988 0.031250 0.033735
0 0.171875 0.568675 0.031250 0.043373
0 0.812500 0.615663 0.038462 0.040964
0 0.882212 0.467470 0.033654 0.038554
0 0.777644 0.487952 0.040865 0.040964
0 0.689904 0.513253 0.033654 0.043373
0 0.562500 0.524096 0.048077 0.050602
0 0.530048 0.526506 0.036058 0.045783
0 0.149038 0.537349 0.028846 0.038554
0 0.193510 0.536145 0.031250 0.036145
0 0.211538 0.548193 0.033654 0.040964
1 0.408654 0.574699 0.028846 0.036145
1 0.626202 0.509639 0.040865 0.045783
