0 0.126202 0.278313 0.084135 0.089157
0 0.224760 0.256627 0.088942 0.103614
0 0.776442 0.302410 0.110577 0.122892
0 0.353365 0.302410 0.105769 0.118072
0 0.530048 0.302410 0.108173 0.118072
0 0.712740 0.249398 0.055288 0.069880
0 0.911058 0.201205 0.028846 0.040964
1 0.556490 0.218072 0.036058 0.050602
1 0.675481 0.200000 0.033654 0.033735
0 0.126202 0.066265 0.084135 0.089157
0 0.224760 0.087952 0.088942 0.103614
0 0.777644 0.051807 0.112981 0.103614
0 0.354567 0.050602 0.108173 0.101205
0 0.528846 0.050602 0.110577 0.101205
0 0.712740 0.095181 0.055288 0.069880
0 0.911058 0.143373 0.028846 0.040964
1 0.556490 0.126506 0.036058 0.050602
1 0.675481 0.142169 0.033654 0.033735
