0 0.356971 0.126202 0.060096 0.074519
0 0.507212 0.050481 0.076923 0.076923
0 0.326923 0.338942 0.057692 0.086538
0 0.683894 0.625000 0.069712 0.076923
0 0.662260 0.112981 0.098558 0.076923
2 0.657452 0.771635 0.252404 0.370192
2 0.316106 0.496394 0.180288 0.396635
2 0.650240 0.322115 0.151442 0.509615
2 0.496394 0.227163 0.165865 0.420673
2 0.349760 0.204327 0.122596 0.225962
0 0.015625 0.125000 0.031250 0.076923
0 0.028846 0.338942 0.057692 0.086538
0 0.955529 0.625000 0.069712 0.076923
0 0.961538 0.114183 0.072115 0.079327
2 0.925481 0.772837 0.144231 0.372596
2 0.066106 0.495192 0.132212 0.399038
2 0.954327 0.323317 0.086538 0.512019
2 0.034856 0.205529 0.069712 0.228365
