1 0.408654 0.358173 0.076923 0.086538
1 0.593750 0.373798 0.072115 0.098558
1 0.909856 0.383413 0.084135 0.084135
1 0.800481 0.348558 0.096154 0.100962
1 0.240385 0.328125 0.100962 0.103365
1 0.721154 0.442308 0.062500 0.076923
1 0.554087 0.412260 0.045673 0.079327
1 0.039663 0.451923 0.055288 0.062500
1 0.501202 0.436298 0.045673 0.055288
1 0.170673 0.401442 0.057692 0.072115
1 0.127404 0.439904 0.043269 0.057692
1 0.290865 0.450721 0.048077 0.074519
1 0.409856 0.009615 0.079327 0.019231
1 0.801683 0.018029 0.098558 0.036058
1 0.241587 0.028846 0.103365 0.057692
