0 0.050481 0.412048 0.057692 0.091566
0 0.193510 0.422892 0.055288 0.069880
0 0.843750 0.440964 0.057692 0.072289
0 0.570913 0.428916 0.055288 0.067470
0 0.420673 0.424096 0.048077 0.072289
0 0.514423 0.431325 0.038462 0.057831
0 0.754808 0.459036 0.048077 0.060241
0 0.358173 0.433735 0.033654 0.057831
0 0.109375 0.448193 0.031250 0.053012
0 0.153846 0.449398 0.043269 0.055422
0 0.256010 0.451807 0.045673 0.055422
0 0.326923 0.450602 0.043269 0.062651
0 0.645433 0.438554 0.040865 0.062651
0 0.941106 0.471084 0.031250 0.036145
0 0.983173 0.481928 0.024038 0.038554
