0 0.025240 0.412048 0.045673 0.115663
1 0.504808 0.477108 0.081731 0.096386
1 0.360577 0.489157 0.076923 0.096386
1 0.649038 0.501205 0.081731 0.110843
1 0.706731 0.519277 0.057692 0.084337
1 0.540865 0.415663 0.057692 0.069880
1 0.432692 0.410843 0.057692 0.069880
1 0.948317 0.437349 0.045673 0.065060
1 0.808894 0.425301 0.050481 0.069880
1 0.794471 0.383133 0.045673 0.057831
1 0.350962 0.434940 0.067308 0.065060
1 0.848558 0.449398 0.043269 0.069880
1 0.856971 0.395181 0.045673 0.053012
1 0.465144 0.453012 0.045673 0.067470
1 0.923077 0.416867 0.033654 0.053012
1 0.986779 0.404819 0.021635 0.057831
