0 0.926683 0.345783 0.084135 0.103614
0 0.350962 0.334940 0.067308 0.096386
0 0.145433 0.320482 0.088942 0.106024
0 0.504808 0.328916 0.100962 0.127711
0 0.712740 0.319277 0.103365 0.127711
0 0.855769 0.346988 0.057692 0.072289
0 0.284856 0.312048 0.103365 0.127711
0 0.605769 0.357831 0.048077 0.069880
0 0.766827 0.361446 0.052885 0.072289
0 0.417067 0.383133 0.045673 0.072289
0 0.925481 0.020482 0.086538 0.040964
0 0.352163 0.024096 0.069712 0.048193
0 0.144231 0.033735 0.091346 0.067470
0 0.506010 0.034940 0.103365 0.069880
0 0.711538 0.039759 0.105769 0.079518
0 0.856971 0.012048 0.060096 0.024096
0 0.283654 0.043373 0.105769 0.086747
