0 0.258413 0.756010 0.093750 0.098558
0 0.078125 0.653846 0.098558 0.096154
0 0.580529 0.812500 0.084135 0.086538
0 0.397837 0.449519 0.069712 0.072115
0 0.665865 0.555288 0.072115 0.072115
0 0.789663 0.282452 0.060096 0.064904
0 0.777644 0.677885 0.079327 0.067308
0 0.609375 0.520433 0.050481 0.064904
0 0.376202 0.395433 0.060096 0.060096
0 0.282452 0.438702 0.069712 0.064904
0 0.526442 0.532452 0.052885 0.064904
0 0.725962 0.810096 0.091346 0.086538
0 0.871394 0.746394 0.088942 0.069712
0 0.903846 0.243990 0.062500 0.069712
0 0.917067 0.168269 0.055288 0.057692
0 0.867788 0.156250 0.057692 0.038462
0 0.257212 0.957933 0.096154 0.079327
0 0.580529 0.911058 0.084135 0.086538
0 0.788462 0.010817 0.062500 0.021635
0 0.725962 0.913462 0.091346 0.086538
0 0.870192 0.969952 0.091346 0.055288
0 0.905048 0.031250 0.064904 0.062500
0 0.917067 0.100962 0.055288 0.057692
0 0.867788 0.112981 0.057692 0.038462
