0 0.048077 0.461446 0.028846 0.026506
1 0.181490 0.442169 0.088942 0.098795
1 0.118990 0.449398 0.031250 0.036145
1 0.388221 0.434940 0.055288 0.055422
1 0.450721 0.428916 0.055288 0.057831
1 0.522837 0.437349 0.036058 0.045783
1 0.557692 0.444578 0.033654 0.040964
1 0.621394 0.437349 0.026442 0.031325
1 0.686298 0.440964 0.040865 0.043373
1 0.754808 0.433735 0.038462 0.043373
1 0.822115 0.426506 0.038462 0.038554
1 0.867788 0.427711 0.024038 0.036145
1 0.915865 0.422892 0.038462 0.045783
1 0.977163 0.422892 0.021635 0.031325
