0 0.100962 0.438554 0.033654 0.048193
0 0.256010 0.434940 0.074519 0.089157
0 0.368990 0.431325 0.079327 0.086747
1 0.481971 0.436145 0.055288 0.067470
1 0.168269 0.421687 0.048077 0.057831
1 0.051683 0.422892 0.045673 0.065060
1 0.846154 0.486747 0.043269 0.057831
1 0.722356 0.450602 0.060096 0.062651
1 0.653846 0.473494 0.038462 0.050602
1 0.603365 0.467470 0.062500 0.062651
1 0.566106 0.485542 0.036058 0.060241
1 0.518029 0.480723 0.040865 0.055422
0 0.102163 0.015663 0.036058 0.031325
0 0.254808 0.027711 0.076923 0.055422
0 0.367788 0.028916 0.081731 0.057831
1 0.480769 0.021687 0.057692 0.043373
1 0.169471 0.026506 0.050481 0.053012
1 0.050481 0.027711 0.048077 0.055422
1 0.721154 0.013253 0.062500 0.026506
