0 0.941106 0.371084 0.112981 0.134940
0 0.740385 0.404819 0.105769 0.120482
0 0.307692 0.568675 0.067308 0.077108
1 0.200721 0.403614 0.074519 0.093976
1 0.384615 0.395181 0.081731 0.101205
1 0.575721 0.389157 0.079327 0.103614
1 0.514423 0.408434 0.067308 0.093976
1 0.031250 0.413253 0.057692 0.108434
1 0.168269 0.444578 0.043269 0.069880
0 0.808894 0.595181 0.060096 0.081928
1 0.885817 0.414458 0.064904 0.106024
0 0.939904 0.049398 0.115385 0.098795
0 0.741587 0.028916 0.108173 0.057831
1 0.199519 0.022892 0.076923 0.045783
1 0.385817 0.028916 0.084135 0.057831
1 0.574519 0.032530 0.081731 0.065060
1 0.515625 0.020482 0.069712 0.040964
1 0.032452 0.021687 0.060096 0.043373
0 0.807692 0.981928 0.062500 0.031325
1 0.884615 0.020482 0.067308 0.040964
