0 0.312500 0.723558 0.033654 0.038462
0 0.811298 0.500000 0.036058 0.033654
0 0.425481 0.626202 0.033654 0.021635
0 0.319712 0.628606 0.038462 0.036058
0 0.412260 0.597356 0.031250 0.031250
0 0.472356 0.431490 0.036058 0.036058
0 0.593750 0.338942 0.038462 0.033654
0 0.596154 0.432692 0.038462 0.038462
0 0.465144 0.319712 0.026442 0.028846
0 0.498798 0.305288 0.036058 0.033654
0 0.544471 0.299279 0.031250 0.040865
0 0.312500 0.944712 0.033654 0.038462
0 0.463942 0.009615 0.028846 0.019231
0 0.498798 0.016827 0.036058 0.033654
0 0.544471 0.025240 0.031250 0.040865
