0 0.333735 0.318510 0.137349 0.194712
0 0.163855 0.306490 0.072289 0.199519
0 0.638554 0.307692 0.144578 0.197115
0 0.469880 0.268029 0.139759 0.165865
0 0.279518 0.221154 0.115663 0.173077
0 0.560241 0.197115 0.113253 0.144231
0 0.728916 0.228365 0.118072 0.201923
0 0.216867 0.216346 0.091566 0.144231
0 0.157831 0.163462 0.060241 0.110577
0 0.448193 0.143029 0.096386 0.117788
0 0.802410 0.223558 0.072289 0.158654
0 0.314458 0.149038 0.093976 0.105769
0 0.680723 0.052885 0.074699 0.072115
0 0.753012 0.102163 0.084337 0.103365
0 0.843373 0.194712 0.057831 0.163462
0 0.406024 0.074519 0.069880 0.096154
0 0.359036 0.125000 0.072289 0.110577
0 0.086747 0.306490 0.072289 0.199519
0 0.015663 0.222356 0.031325 0.175481
0 0.980723 0.229567 0.033735 0.204327
0 0.040964 0.217548 0.081928 0.146635
0 0.095181 0.163462 0.060241 0.110577
0 0.949398 0.223558 0.072289 0.158654
0 0.977108 0.100962 0.040964 0.105769
0 0.908434 0.194712 0.057831 0.163462
