0 0.754808 0.302410 0.081731 0.113253
0 0.170673 0.300000 0.081731 0.103614
0 0.443510 0.328916 0.064904 0.093976
0 0.519231 0.326506 0.081731 0.113253
0 0.252404 0.318072 0.057692 0.081928
0 0.609375 0.314458 0.064904 0.098795
0 0.341346 0.310843 0.057692 0.091566
0 0.831731 0.322892 0.110577 0.130120
0 0.030048 0.340964 0.055288 0.084337
0 0.974760 0.385542 0.045673 0.057831
0 0.114183 0.340964 0.060096 0.060241
0 0.756010 0.044578 0.084135 0.089157
0 0.171875 0.043373 0.084135 0.086747
0 0.442308 0.026506 0.067308 0.053012
0 0.520433 0.032530 0.084135 0.065060
0 0.253606 0.028916 0.060096 0.057831
0 0.608173 0.034940 0.067308 0.069880
0 0.342548 0.034940 0.060096 0.069880
0 0.832933 0.038554 0.112981 0.077108
0 0.028846 0.018072 0.057692 0.036145
0 0.112981 0.012048 0.062500 0.024096
