0 0.177885 0.308434 0.173077 0.173494
0 0.734375 0.361446 0.146635 0.163855
0 0.606971 0.397590 0.112981 0.130120
0 0.304087 0.314458 0.117788 0.142169
0 0.091346 0.327711 0.057692 0.072289
0 0.703125 0.302410 0.117788 0.103614
0 0.962740 0.336145 0.069712 0.228916
0 0.177885 0.130120 0.173077 0.173494
0 0.733173 0.080723 0.149038 0.161446
0 0.605769 0.054217 0.115385 0.108434
0 0.304087 0.126506 0.117788 0.142169
0 0.091346 0.110843 0.057692 0.072289
0 0.703125 0.138554 0.117788 0.103614
0 0.961538 0.109639 0.072115 0.219277
