0 0.304087 0.408654 0.079327 0.091346
0 0.405048 0.396635 0.060096 0.081731
0 0.207933 0.377404 0.103365 0.115385
0 0.544471 0.408654 0.050481 0.062500
0 0.729567 0.405048 0.093750 0.108173
0 0.478365 0.399038 0.048077 0.072115
0 0.030048 0.409856 0.050481 0.064904
0 0.302885 0.036058 0.081731 0.072115
0 0.403846 0.039663 0.062500 0.079327
0 0.206731 0.057692 0.105769 0.115385
0 0.543269 0.028846 0.052885 0.057692
0 0.728365 0.042067 0.096154 0.084135
0 0.479567 0.036058 0.050481 0.072115
0 0.028846 0.028846 0.052885 0.057692
