0 0.691106 0.673077 0.026442 0.033654
0 0.251202 0.608173 0.055288 0.057692
0 0.350962 0.521635 0.048077 0.052885
0 0.451923 0.450721 0.052885 0.060096
0 0.627404 0.288462 0.062500 0.057692
0 0.543269 0.673077 0.033654 0.038462
0 0.938702 0.670673 0.064904 0.081731
0 0.895433 0.655048 0.055288 0.069712
0 0.733173 0.709135 0.081731 0.105769
0 0.807692 0.676683 0.038462 0.050481
0 0.689904 0.986779 0.028846 0.021635
0 0.627404 0.038462 0.062500 0.057692
0 0.544471 0.985577 0.036058 0.024038
0 0.937500 0.975962 0.067308 0.043269
0 0.894231 0.986779 0.057692 0.021635
0 0.734375 0.950721 0.084135 0.093750
0 0.808894 0.980769 0.040865 0.033654
