0 0.951923 0.235577 0.067308 0.081731
0 0.627404 0.756010 0.134615 0.141827
0 0.670673 0.243990 0.081731 0.112981
0 0.871394 0.245192 0.069712 0.076923
0 0.472356 0.304087 0.098558 0.117788
0 0.891827 0.359375 0.091346 0.093750
0 0.751202 0.397837 0.098558 0.117788
0 0.031250 0.384615 0.057692 0.129808
0 0.272837 0.201923 0.050481 0.057692
0 0.217548 0.234375 0.050481 0.069712
0 0.951923 0.096154 0.067308 0.081731
0 0.627404 0.905048 0.134615 0.141827
0 0.670673 0.090144 0.081731 0.112981
0 0.871394 0.086538 0.069712 0.076923
0 0.471154 0.044471 0.100962 0.088942
0 0.893029 0.010817 0.093750 0.021635
0 0.272837 0.129808 0.050481 0.057692
0 0.217548 0.099760 0.050481 0.069712
