1 0.159856 0.495192 0.050481 0.057692
1 0.234375 0.506010 0.045673 0.050481
1 0.288462 0.493990 0.038462 0.045673
1 0.362981 0.493990 0.033654 0.050481
1 0.441106 0.479567 0.040865 0.045673
1 0.508413 0.510817 0.036058 0.045673
1 0.564904 0.492788 0.033654 0.043269
1 0.885817 0.489183 0.036058 0.045673
1 0.784856 0.475962 0.036058 0.043269
1 0.824519 0.501202 0.043269 0.045673
1 0.753606 0.509615 0.036058 0.038462
1 0.608173 0.485577 0.033654 0.043269
1 0.653846 0.501202 0.038462 0.045673
1 0.701923 0.504808 0.033654 0.043269
