1 0.040865 0.356971 0.048077 0.055288
1 0.129808 0.349760 0.067308 0.084135
1 0.225962 0.373798 0.048077 0.064904
1 0.356971 0.370192 0.069712 0.081731
1 0.405048 0.372596 0.040865 0.057692
1 0.481971 0.359375 0.055288 0.084135
1 0.513221 0.375000 0.026442 0.048077
1 0.581731 0.346154 0.072115 0.096154
1 0.616587 0.361779 0.045673 0.069712
1 0.768029 0.402644 0.050481 0.069712
1 0.816106 0.364183 0.050481 0.060096
1 0.884615 0.381010 0.086538 0.093750
1 0.947115 0.376202 0.038462 0.060096
1 0.040865 0.030048 0.048077 0.055288
1 0.131010 0.039663 0.069712 0.079327
1 0.227163 0.022837 0.050481 0.045673
1 0.355769 0.028846 0.072115 0.057692
1 0.403846 0.021635 0.043269 0.043269
1 0.480769 0.034856 0.057692 0.069712
1 0.512019 0.018029 0.028846 0.036058
1 0.582933 0.044471 0.074519 0.088942
1 0.615385 0.030048 0.048077 0.060096
1 0.766827 0.009615 0.052885 0.019231
1 0.814904 0.026442 0.052885 0.052885
1 0.885817 0.026442 0.088942 0.052885
1 0.948317 0.020433 0.040865 0.040865
