0 0.346154 0.302410 0.192308 0.209639
0 0.524038 0.442169 0.086538 0.089157
0 0.405048 0.424096 0.098558 0.120482
0 0.570913 0.509639 0.050481 0.050602
0 0.341346 0.439759 0.043269 0.036145
2 0.218750 0.525301 0.399038 0.602410
2 0.373798 0.597590 0.199519 0.457831
2 0.555288 0.561446 0.129808 0.149398
2 0.478365 0.579518 0.173077 0.363855
0 0.347356 0.073494 0.194712 0.146988
2 0.219952 0.060241 0.401442 0.120482
2 0.219952 0.915663 0.401442 0.163855
2 0.372596 0.915663 0.201923 0.163855
2 0.479567 0.948193 0.175481 0.098795
