1 0.132212 0.347356 0.153846 0.170673
1 0.754808 0.317308 0.129808 0.153846
1 0.614183 0.359375 0.074519 0.103365
1 0.375000 0.400240 0.096154 0.122596
1 0.493990 0.375000 0.064904 0.076923
1 0.251202 0.405048 0.040865 0.045673
1 0.301683 0.391827 0.040865 0.052885
1 0.585337 0.191106 0.031250 0.031250
1 0.637019 0.192308 0.028846 0.038462
1 0.693510 0.198317 0.021635 0.036058
1 0.275240 0.284856 0.026442 0.031250
1 0.316106 0.192308 0.021635 0.033654
1 0.344952 0.194712 0.021635 0.024038
1 0.397837 0.183894 0.021635 0.026442
1 0.379808 0.193510 0.019231 0.031250
1 0.365385 0.201923 0.019231 0.028846
1 0.133413 0.038462 0.156250 0.076923
1 0.756010 0.049279 0.132212 0.098558
1 0.612981 0.015625 0.076923 0.031250
1 0.585337 0.147837 0.031250 0.031250
1 0.637019 0.144231 0.028846 0.038462
1 0.693510 0.140625 0.021635 0.036058
1 0.275240 0.054087 0.026442 0.031250
1 0.316106 0.144231 0.021635 0.033654
1 0.344952 0.141827 0.021635 0.024038
1 0.397837 0.155048 0.021635 0.026442
1 0.379808 0.145433 0.019231 0.031250
1 0.365385 0.134615 0.019231 0.028846
