1 0.675481 0.310843 0.067308 0.091566
1 0.493990 0.321687 0.060096 0.069880
1 0.353365 0.331325 0.081731 0.084337
1 0.198317 0.290361 0.093750 0.118072
1 0.137019 0.340964 0.057692 0.074699
1 0.606971 0.332530 0.036058 0.062651
1 0.084135 0.345783 0.043269 0.055422
1 0.564904 0.350602 0.038462 0.055422
1 0.676683 0.034940 0.069712 0.069880
1 0.492788 0.024096 0.062500 0.048193
1 0.354567 0.022892 0.084135 0.045783
1 0.197115 0.051807 0.096154 0.103614
1 0.138221 0.015663 0.060096 0.031325
1 0.605769 0.016867 0.038462 0.033735
1 0.085337 0.008434 0.045673 0.016867
1 0.566106 0.006024 0.040865 0.012048
