0 0.620482 0.694712 0.050602 0.062500
1 0.219277 0.718750 0.024096 0.048077
1 0.248193 0.742788 0.028916 0.038462
1 0.322892 0.730769 0.043373 0.043269
1 0.437349 0.734375 0.036145 0.036058
1 0.718072 0.735577 0.048193 0.052885
1 0.753012 0.705529 0.040964 0.045673
1 0.651807 0.709135 0.036145 0.043269
1 0.543373 0.706731 0.036145 0.043269
1 0.585542 0.705529 0.033735 0.045673
1 0.467470 0.721154 0.038554 0.038462
1 0.386747 0.724760 0.040964 0.045673
0 0.972289 0.694712 0.050602 0.062500
1 0.190361 0.718750 0.024096 0.048077
1 0.161446 0.742788 0.028916 0.038462
1 0.086747 0.730769 0.043373 0.043269
1 0.872289 0.735577 0.048193 0.052885
1 0.839759 0.705529 0.040964 0.045673
1 0.940964 0.709135 0.036145 0.043269
1 0.992771 0.704327 0.009639 0.048077
1 0.025301 0.724760 0.040964 0.045673
