0 0.947115 0.270433 0.096154 0.127404
0 0.787260 0.268029 0.093750 0.112981
0 0.167067 0.296875 0.117788 0.151442
0 0.899038 0.530048 0.177885 0.209135
0 0.682692 0.468750 0.086538 0.096154
0 0.052885 0.314904 0.091346 0.115385
0 0.415865 0.308894 0.076923 0.108173
0 0.832933 0.471154 0.108173 0.129808
0 0.685096 0.311298 0.062500 0.074519
0 0.503606 0.295673 0.050481 0.072115
0 0.599760 0.340144 0.050481 0.069712
0 0.551683 0.314904 0.045673 0.062500
0 0.948317 0.046875 0.098558 0.093750
0 0.786058 0.044471 0.096154 0.088942
0 0.165865 0.039663 0.120192 0.079327
0 0.054087 0.021635 0.093750 0.043269
0 0.417067 0.022837 0.079327 0.045673
0 0.686298 0.013221 0.064904 0.026442
0 0.502404 0.020433 0.052885 0.040865
0 0.550481 0.008413 0.048077 0.016827
