0 0.632212 0.389423 0.072115 0.091346
0 0.769231 0.381010 0.062500 0.069712
0 0.675481 0.403846 0.043269 0.057692
0 0.109375 0.299279 0.045673 0.045673
0 0.414663 0.449519 0.026442 0.038462
0 0.566106 0.411058 0.031250 0.043269
0 0.456731 0.432692 0.038462 0.033654
0 0.409856 0.418269 0.036058 0.028846
0 0.633413 0.043269 0.074519 0.086538
0 0.769231 0.049279 0.062500 0.069712
0 0.676683 0.027644 0.045673 0.055288
0 0.109375 0.131010 0.045673 0.045673
0 0.564904 0.020433 0.033654 0.040865
0 0.457933 0.007212 0.040865 0.014423
0 0.408654 0.013221 0.038462 0.026442
