0 0.786058 0.387019 0.134615 0.163462
0 0.269231 0.439904 0.057692 0.076923
0 0.581731 0.432692 0.057692 0.081731
0 0.375000 0.445913 0.072115 0.084135
0 0.462740 0.409856 0.088942 0.112981
0 0.890625 0.391827 0.117788 0.153846
0 0.669471 0.427885 0.093750 0.134615
0 0.787260 0.060096 0.137019 0.120192
0 0.270433 0.012019 0.060096 0.024038
0 0.582933 0.016827 0.060096 0.033654
0 0.376202 0.010817 0.074519 0.021635
0 0.461538 0.036058 0.091346 0.072115
0 0.889423 0.055288 0.120192 0.110577
0 0.668269 0.032452 0.096154 0.064904
