0 0.864183 0.279518 0.084135 0.101205
0 0.567308 0.250602 0.081731 0.091566
0 0.972356 0.272289 0.050481 0.081928
0 0.820913 0.284337 0.060096 0.081928
0 0.493990 0.421687 0.132212 0.144578
0 0.213942 0.386747 0.057692 0.060241
0 0.558894 0.342169 0.050481 0.062651
0 0.716346 0.285542 0.033654 0.055422
0 0.864183 0.053012 0.084135 0.101205
0 0.567308 0.081928 0.081731 0.091566
0 0.972356 0.060241 0.050481 0.081928
0 0.820913 0.048193 0.060096 0.081928
0 0.557692 0.012048 0.052885 0.024096
0 0.716346 0.049398 0.033654 0.055422
