1 0.066106 0.361779 0.064904 0.084135
1 0.183894 0.322115 0.064904 0.081731
1 0.228365 0.268029 0.052885 0.079327
1 0.307692 0.329327 0.062500 0.081731
1 0.365385 0.307692 0.057692 0.081731
1 0.429087 0.259615 0.050481 0.057692
1 0.475962 0.335337 0.062500 0.069712
1 0.502404 0.282452 0.048077 0.069712
1 0.610577 0.284856 0.057692 0.069712
1 0.806490 0.389423 0.055288 0.062500
1 0.664663 0.289663 0.050481 0.069712
1 0.942308 0.359375 0.067308 0.098558
1 0.840144 0.323317 0.055288 0.069712
1 0.768029 0.290865 0.064904 0.076923
1 0.760817 0.230769 0.045673 0.057692
1 0.837740 0.254808 0.055288 0.062500
1 0.229567 0.012019 0.055288 0.024038
1 0.427885 0.010817 0.052885 0.021635
1 0.759615 0.025240 0.048077 0.050481
1 0.836538 0.014423 0.057692 0.028846
