0 0.865385 0.335337 0.072115 0.084135
0 0.645433 0.344952 0.055288 0.064904
0 0.400240 0.367788 0.031250 0.038462
0 0.437500 0.370192 0.038462 0.052885
0 0.481971 0.356971 0.031250 0.040865
0 0.503606 0.352163 0.026442 0.040865
0 0.537260 0.353365 0.036058 0.048077
0 0.587740 0.341346 0.040865 0.057692
0 0.768029 0.354567 0.040865 0.050481
0 0.812500 0.361779 0.033654 0.040865
0 0.983173 0.334135 0.024038 0.076923
0 0.865385 0.104567 0.072115 0.084135
0 0.645433 0.094952 0.055288 0.064904
0 0.400240 0.069712 0.031250 0.038462
0 0.437500 0.067308 0.038462 0.052885
0 0.481971 0.082933 0.031250 0.040865
0 0.503606 0.087740 0.026442 0.040865
0 0.537260 0.084135 0.036058 0.048077
0 0.587740 0.096154 0.040865 0.057692
0 0.768029 0.085337 0.040865 0.050481
0 0.812500 0.078125 0.033654 0.040865
0 0.983173 0.103365 0.024038 0.076923
