0 0.814904 0.461538 0.048077 0.067308
0 0.578125 0.441106 0.045673 0.069712
1 0.932692 0.469952 0.096154 0.122596
1 0.284856 0.467548 0.050481 0.069712
1 0.481971 0.466346 0.055288 0.067308
1 0.344952 0.468750 0.031250 0.038462
1 0.075721 0.486779 0.055288 0.055288
0 0.177885 0.477163 0.038462 0.040865
0 0.643029 0.462740 0.026442 0.045673
0 0.667067 0.465144 0.026442 0.040865
0 0.618990 0.462740 0.021635 0.040865
1 0.532452 0.465144 0.021635 0.045673
1 0.438702 0.457933 0.031250 0.036058
1 0.387019 0.478365 0.028846 0.033654
