0 0.715144 0.299279 0.074519 0.098558
0 0.296875 0.314904 0.079327 0.096154
0 0.530048 0.283654 0.069712 0.086538
0 0.397837 0.314904 0.064904 0.086538
0 0.444712 0.275240 0.057692 0.079327
0 0.963942 0.278846 0.052885 0.067308
0 0.230769 0.258413 0.048077 0.064904
0 0.925481 0.251202 0.057692 0.069712
0 0.140625 0.266827 0.045673 0.057692
0 0.552885 0.248798 0.057692 0.079327
0 0.445913 0.008413 0.060096 0.016827
0 0.231971 0.013221 0.050481 0.026442
0 0.926683 0.018029 0.060096 0.036058
0 0.139423 0.007212 0.048077 0.014423
0 0.554087 0.021635 0.060096 0.043269
