0 0.298077 0.538554 0.062500 0.084337
0 0.799279 0.378313 0.151442 0.192771
0 0.199519 0.567470 0.048077 0.060241
0 0.449519 0.471084 0.091346 0.127711
0 0.141827 0.592771 0.038462 0.043373
0 0.111779 0.591566 0.031250 0.031325
0 0.081731 0.592771 0.024038 0.028916
0 0.299279 0.983133 0.064904 0.028916
0 0.798077 0.086747 0.153846 0.173494
0 0.200721 0.974699 0.050481 0.045783
0 0.450721 0.024096 0.093750 0.048193
0 0.141827 0.956627 0.038462 0.043373
0 0.111779 0.960241 0.031250 0.031325
0 0.081731 0.956627 0.024038 0.028916
