0 0.651442 0.512048 0.139423 0.127711
0 0.897837 0.355422 0.189904 0.219277
0 0.893029 0.348193 0.189904 0.219277
0 0.039663 0.261446 0.050481 0.065060
0 0.259615 0.290361 0.038462 0.050602
0 0.335337 0.461446 0.055288 0.055422
0 0.501202 0.451807 0.045673 0.050602
0 0.415865 0.448193 0.043269 0.048193
0 0.153846 0.233735 0.052885 0.053012
0 0.580529 0.445783 0.040865 0.053012
0 0.896635 0.044578 0.192308 0.089157
0 0.891827 0.048193 0.192308 0.096386
0 0.039663 0.073494 0.050481 0.065060
0 0.259615 0.044578 0.038462 0.050602
0 0.153846 0.098795 0.052885 0.053012
