0 0.745192 0.436298 0.158654 0.146635
0 0.515625 0.443510 0.098558 0.103365
0 0.456731 0.301683 0.105769 0.112981
0 0.201923 0.330529 0.105769 0.112981
2 0.332933 0.590144 0.165865 0.175481
1 0.287260 0.536058 0.069712 0.072115
2 0.788462 0.558894 0.365385 0.401442
2 0.552885 0.520433 0.197115 0.257212
2 0.513221 0.328125 0.237981 0.165865
2 0.233173 0.385817 0.355769 0.233173
0 0.457933 0.044471 0.108173 0.088942
0 0.203125 0.030048 0.108173 0.060096
2 0.789663 0.949519 0.367788 0.096154
2 0.512019 0.044471 0.240385 0.088942
2 0.234375 0.032452 0.358173 0.064904
