0 0.191106 0.279518 0.122596 0.130120
0 0.396635 0.253012 0.105769 0.077108
0 0.521635 0.356627 0.076923 0.101205
0 0.605769 0.362651 0.081731 0.118072
0 0.683894 0.337349 0.108173 0.149398
1 0.399038 0.345783 0.163462 0.175904
1 0.717548 0.548193 0.257212 0.291566
1 0.777644 0.348193 0.132212 0.166265
0 0.189904 0.060241 0.125000 0.120482
0 0.396635 0.079518 0.105769 0.077108
0 0.522837 0.014458 0.079327 0.028916
0 0.606971 0.015663 0.084135 0.031325
0 0.682692 0.036145 0.110577 0.072289
1 0.400240 0.038554 0.165865 0.077108
1 0.776442 0.034940 0.134615 0.069880
