0 0.072115 0.348193 0.057692 0.065060
1 0.313702 0.348193 0.074519 0.079518
1 0.478365 0.367470 0.072115 0.074699
1 0.807692 0.369880 0.057692 0.084337
1 0.626202 0.362651 0.050481 0.069880
0 0.540865 0.355422 0.024038 0.040964
0 0.375000 0.353012 0.033654 0.050602
0 0.573317 0.357831 0.031250 0.050602
0 0.754808 0.366265 0.028846 0.043373
1 0.900240 0.372289 0.036058 0.050602
1 0.133413 0.353012 0.040865 0.045783
1 0.019231 0.357831 0.033654 0.045783
1 0.170673 0.349398 0.024038 0.033735
0 0.072115 0.092771 0.057692 0.065060
1 0.313702 0.092771 0.074519 0.079518
1 0.478365 0.073494 0.072115 0.074699
1 0.807692 0.071084 0.057692 0.084337
1 0.626202 0.078313 0.050481 0.069880
0 0.540865 0.085542 0.024038 0.040964
0 0.375000 0.087952 0.033654 0.050602
0 0.573317 0.083133 0.031250 0.050602
0 0.754808 0.072289 0.028846 0.043373
1 0.900240 0.068675 0.036058 0.050602
1 0.133413 0.087952 0.040865 0.045783
1 0.019231 0.083133 0.033654 0.045783
1 0.170673 0.089157 0.024038 0.033735
