0 0.798077 0.598795 0.048077 0.050602
0 0.758413 0.603614 0.040865 0.050602
0 0.659856 0.620482 0.045673 0.045783
0 0.689904 0.600000 0.024038 0.033735
0 0.542067 0.687952 0.040865 0.036145
0 0.460337 0.590361 0.045673 0.033735
0 0.353365 0.602410 0.028846 0.038554
0 0.331731 0.655422 0.038462 0.033735
0 0.311298 0.607229 0.021635 0.028916
0 0.254808 0.628916 0.033654 0.033735
0 0.298077 0.687952 0.028846 0.026506
0 0.542067 0.977108 0.040865 0.036145
0 0.332933 0.993976 0.040865 0.007229
0 0.298077 0.977108 0.028846 0.026506
