0 0.262019 0.325721 0.177885 0.146635
0 0.790865 0.356971 0.230769 0.194712
0 0.515625 0.418269 0.079327 0.062500
0 0.560096 0.399038 0.057692 0.052885
2 0.193510 0.483173 0.382212 0.461538
2 0.786058 0.497596 0.408654 0.490385
2 0.586538 0.531250 0.225962 0.278846
0 0.262019 0.176683 0.177885 0.146635
0 0.790865 0.145433 0.230769 0.194712
0 0.515625 0.081731 0.079327 0.062500
0 0.560096 0.100962 0.057692 0.052885
2 0.192308 0.125000 0.384615 0.250000
2 0.192308 0.891827 0.384615 0.211538
2 0.787260 0.125000 0.411058 0.250000
2 0.787260 0.877404 0.411058 0.240385
2 0.587740 0.055288 0.228365 0.110577
2 0.587740 0.913462 0.228365 0.168269
