1 0.763221 0.396635 0.079327 0.091346
1 0.141827 0.393029 0.081731 0.093750
1 0.331731 0.378606 0.096154 0.108173
1 0.258413 0.390625 0.050481 0.088942
1 0.900240 0.385817 0.117788 0.117788
1 0.504808 0.389423 0.105769 0.110577
1 0.846154 0.384615 0.081731 0.091346
1 0.373798 0.378606 0.064904 0.112981
1 0.762019 0.044471 0.081731 0.088942
1 0.143029 0.046875 0.084135 0.093750
1 0.331731 0.061298 0.096154 0.108173
1 0.258413 0.049279 0.050481 0.088942
1 0.899038 0.056490 0.120192 0.112981
1 0.506010 0.052885 0.108173 0.105769
1 0.846154 0.052885 0.081731 0.091346
1 0.373798 0.061298 0.064904 0.112981
