1 0.909856 0.401442 0.069712 0.081731
1 0.685096 0.393029 0.057692 0.069712
1 0.629808 0.396635 0.052885 0.062500
1 0.525240 0.393029 0.055288 0.060096
1 0.770433 0.400240 0.045673 0.055288
1 0.097356 0.402644 0.045673 0.045673
1 0.064904 0.393029 0.028846 0.036058
1 0.284856 0.403846 0.045673 0.048077
1 0.393029 0.401442 0.036058 0.052885
1 0.421875 0.417067 0.026442 0.040865
1 0.908654 0.008413 0.072115 0.016827
1 0.686298 0.009615 0.060096 0.019231
1 0.631010 0.006010 0.055288 0.012019
1 0.524038 0.007212 0.057692 0.014423
