0 0.414663 0.307692 0.079327 0.072115
0 0.843750 0.156250 0.057692 0.052885
0 0.534856 0.177885 0.045673 0.048077
0 0.417067 0.156250 0.050481 0.052885
0 0.330529 0.158654 0.036058 0.038462
0 0.239183 0.162260 0.036058 0.045673
0 0.126202 0.155048 0.045673 0.036058
0 0.754808 0.191106 0.043269 0.040865
0 0.843750 0.093750 0.057692 0.052885
0 0.534856 0.072115 0.045673 0.048077
0 0.417067 0.093750 0.050481 0.052885
0 0.330529 0.091346 0.036058 0.038462
0 0.239183 0.090144 0.036058 0.045673
0 0.126202 0.097356 0.045673 0.036058
0 0.754808 0.061298 0.043269 0.040865
