0 0.825721 0.462651 0.055288 0.067470
0 0.462740 0.459036 0.045673 0.069880
0 0.161058 0.463855 0.052885 0.074699
0 0.313702 0.474699 0.045673 0.067470
0 0.216346 0.483133 0.033654 0.045783
0 0.348558 0.469880 0.028846 0.057831
0 0.500000 0.467470 0.038462 0.062651
0 0.618990 0.442169 0.050481 0.069880
0 0.688702 0.460241 0.036058 0.048193
0 0.658654 0.468675 0.028846 0.045783
0 0.772837 0.453012 0.036058 0.048193
0 0.942308 0.459036 0.038462 0.045783
0 0.860577 0.460241 0.033654 0.057831
0 0.385817 0.457831 0.045673 0.062651
0 0.551683 0.465060 0.021635 0.033735
0 0.578125 0.467470 0.026442 0.038554
