0 0.155048 0.357831 0.064904 0.079518
0 0.456731 0.383133 0.057692 0.067470
0 0.296875 0.377108 0.055288 0.074699
0 0.229567 0.371084 0.055288 0.067470
0 0.807692 0.337349 0.100962 0.110843
0 0.382212 0.392771 0.048077 0.062651
0 0.527644 0.387952 0.050481 0.067470
0 0.620192 0.402410 0.048077 0.048193
0 0.354567 0.366265 0.045673 0.053012
0 0.115385 0.367470 0.028846 0.060241
0 0.155048 0.087952 0.064904 0.079518
0 0.456731 0.060241 0.057692 0.067470
0 0.296875 0.068675 0.055288 0.074699
0 0.229567 0.072289 0.055288 0.067470
0 0.807692 0.106024 0.100962 0.110843
0 0.382212 0.050602 0.048077 0.062651
0 0.527644 0.055422 0.050481 0.067470
0 0.620192 0.040964 0.048077 0.048193
0 0.354567 0.077108 0.045673 0.053012
0 0.115385 0.078313 0.028846 0.060241
