0 0.157452 0.239183 0.117788 0.127404
0 0.387019 0.463942 0.091346 0.105769
0 0.731971 0.300481 0.036058 0.038462
0 0.409856 0.281250 0.021635 0.028846
0 0.715144 0.270433 0.026442 0.026442
0 0.415865 0.234375 0.019231 0.021635
0 0.368990 0.263221 0.021635 0.021635
0 0.575721 0.243990 0.016827 0.016827
0 0.555288 0.263221 0.014423 0.021635
0 0.157452 0.099760 0.117788 0.127404
0 0.731971 0.036058 0.036058 0.038462
0 0.409856 0.055288 0.021635 0.028846
0 0.715144 0.068510 0.026442 0.026442
0 0.415865 0.104567 0.019231 0.021635
0 0.368990 0.075721 0.021635 0.021635
0 0.575721 0.094952 0.016827 0.016827
0 0.555288 0.075721 0.014423 0.021635
