1 0.717548 0.318072 0.069712 0.077108
1 0.855769 0.309639 0.139423 0.151807
1 0.953125 0.351807 0.055288 0.072289
1 0.557692 0.332530 0.086538 0.120482
1 0.329327 0.342169 0.096154 0.106024
1 0.795673 0.351807 0.057692 0.106024
1 0.439904 0.314458 0.038462 0.045783
1 0.716346 0.027711 0.072115 0.055422
1 0.856971 0.050602 0.141827 0.101205
1 0.951923 0.009639 0.057692 0.019277
1 0.558894 0.031325 0.088942 0.062651
1 0.330529 0.022892 0.098558 0.045783
1 0.796875 0.018072 0.060096 0.036145
1 0.441106 0.021687 0.040865 0.043373
