0 0.013221 0.451807 0.021635 0.069880
0 0.457933 0.454217 0.064904 0.084337
0 0.259615 0.422892 0.067308 0.084337
0 0.151442 0.445783 0.072115 0.081928
0 0.100962 0.436145 0.062500 0.077108
0 0.179087 0.432530 0.036058 0.065060
0 0.336538 0.424096 0.072115 0.067470
0 0.377404 0.433735 0.043269 0.067470
0 0.518029 0.442169 0.055288 0.069880
0 0.588942 0.451807 0.076923 0.069880
0 0.646635 0.437349 0.057692 0.060241
0 0.711538 0.446988 0.052885 0.074699
0 0.766827 0.462651 0.057692 0.062651
0 0.813702 0.466265 0.045673 0.055422
0 0.868990 0.455422 0.050481 0.057831
0 0.937500 0.469880 0.057692 0.067470
0 0.972356 0.469880 0.026442 0.053012
