0 0.754808 0.313253 0.076923 0.106024
0 0.603365 0.353012 0.057692 0.069880
0 0.213942 0.333735 0.057692 0.079518
1 0.477163 0.338554 0.069712 0.098795
1 0.293269 0.349398 0.057692 0.096386
1 0.390625 0.333735 0.045673 0.069880
1 0.822115 0.348193 0.048077 0.060241
1 0.935096 0.361446 0.024038 0.033735
0 0.923077 0.362651 0.014423 0.031325
0 0.756010 0.037349 0.079327 0.074699
0 0.604567 0.008434 0.060096 0.016867
0 0.215144 0.020482 0.060096 0.040964
1 0.475962 0.022892 0.072115 0.045783
1 0.294471 0.016867 0.060096 0.033735
1 0.389423 0.018072 0.048077 0.036145
1 0.823317 0.008434 0.050481 0.016867
