1 0.881010 0.416867 0.084135 0.086747
1 0.650240 0.414458 0.055288 0.072289
1 0.536058 0.428916 0.062500 0.072289
1 0.770433 0.413253 0.060096 0.065060
1 0.593750 0.428916 0.048077 0.062651
1 0.312500 0.422892 0.048077 0.065060
1 0.189904 0.440964 0.052885 0.067470
1 0.026442 0.462651 0.048077 0.072289
1 0.264423 0.445783 0.048077 0.057831
1 0.348558 0.434940 0.043269 0.055422
1 0.405048 0.427711 0.040865 0.045783
1 0.967548 0.415663 0.031250 0.045783
1 0.685096 0.419277 0.033654 0.048193
1 0.722356 0.424096 0.031250 0.048193
1 0.879808 0.036145 0.086538 0.072289
1 0.649038 0.033735 0.057692 0.067470
1 0.537260 0.026506 0.064904 0.053012
1 0.769231 0.032530 0.062500 0.065060
1 0.594952 0.024096 0.050481 0.048193
1 0.313702 0.027711 0.050481 0.055422
1 0.191106 0.019277 0.055288 0.038554
1 0.027644 0.009639 0.050481 0.019277
1 0.265625 0.014458 0.050481 0.028916
1 0.349760 0.019277 0.045673 0.038554
1 0.403846 0.020482 0.043269 0.040964
1 0.967548 0.030120 0.031250 0.045783
1 0.685096 0.024096 0.033654 0.048193
1 0.721154 0.022892 0.033654 0.045783
