0 0.141827 0.563855 0.163462 0.192771
0 0.243990 0.484337 0.098558 0.130120
0 0.415865 0.506024 0.057692 0.081928
0 0.397837 0.457831 0.040865 0.043373
0 0.453125 0.454217 0.050481 0.065060
0 0.560096 0.460241 0.057692 0.081928
0 0.644231 0.673494 0.264423 0.214458
0 0.741587 0.525301 0.098558 0.106024
0 0.819712 0.480723 0.091346 0.103614
0 0.966346 0.554217 0.057692 0.183133
0 0.713942 0.428916 0.057692 0.081928
0 0.610577 0.483133 0.100962 0.079518
0 0.610577 0.578313 0.168269 0.139759
0 0.670673 0.490361 0.057692 0.079518
0 0.641827 0.432530 0.067308 0.050602
0 0.143029 0.950602 0.165865 0.093976
0 0.451923 0.009639 0.052885 0.019277
0 0.561298 0.010843 0.060096 0.021687
0 0.644231 0.892771 0.264423 0.214458
0 0.967548 0.957831 0.060096 0.079518
0 0.715144 0.026506 0.060096 0.053012
0 0.611779 0.956627 0.170673 0.081928
0 0.643029 0.016867 0.069712 0.033735
