0 0.331731 0.297590 0.048077 0.050602
0 0.674279 0.272289 0.050481 0.062651
0 0.139423 0.313253 0.038462 0.057831
0 0.209135 0.336145 0.033654 0.045783
0 0.228365 0.314458 0.028846 0.040964
0 0.831731 0.378313 0.062500 0.086747
0 0.699519 0.281928 0.033654 0.057831
0 0.600962 0.296386 0.043269 0.057831
0 0.439904 0.309639 0.043269 0.060241
0 0.485577 0.325301 0.048077 0.057831
0 0.537260 0.320482 0.021635 0.033735
0 0.081731 0.308434 0.043269 0.053012
0 0.013221 0.304819 0.021635 0.055422
0 0.331731 0.037349 0.048077 0.050602
0 0.674279 0.060241 0.050481 0.062651
0 0.140625 0.025301 0.040865 0.050602
0 0.210337 0.010843 0.036058 0.021687
0 0.229567 0.020482 0.031250 0.040964
0 0.699519 0.050602 0.033654 0.057831
0 0.600962 0.036145 0.043269 0.057831
0 0.441106 0.027711 0.045673 0.055422
0 0.486779 0.019277 0.050481 0.038554
0 0.536058 0.015663 0.024038 0.031325
0 0.082933 0.026506 0.045673 0.053012
0 0.013221 0.030120 0.021635 0.055422
