0 0.631010 0.259615 0.069712 0.081731
0 0.570913 0.325721 0.069712 0.108173
0 0.818510 0.403846 0.122596 0.149038
0 0.406250 0.280048 0.072115 0.108173
0 0.715144 0.242788 0.069712 0.076923
0 0.515625 0.262019 0.060096 0.072115
0 0.706731 0.318510 0.076923 0.112981
0 0.906250 0.276442 0.086538 0.100962
0 0.201923 0.445913 0.139423 0.161058
0 0.272837 0.332933 0.079327 0.103365
0 0.772837 0.306490 0.069712 0.103365
0 0.102163 0.330529 0.093750 0.112981
0 0.568510 0.246394 0.055288 0.074519
0 0.084135 0.432692 0.129808 0.158654
0 0.638221 0.361779 0.093750 0.127404
0 0.343750 0.372596 0.105769 0.129808
0 0.465144 0.355769 0.103365 0.153846
0 0.972356 0.381010 0.050481 0.137019
0 0.347356 0.250000 0.045673 0.072115
0 0.243990 0.269231 0.060096 0.062500
0 0.631010 0.110577 0.069712 0.081731
0 0.569712 0.050481 0.072115 0.100962
0 0.817308 0.021635 0.125000 0.043269
0 0.406250 0.092548 0.072115 0.108173
0 0.715144 0.127404 0.069712 0.076923
0 0.515625 0.108173 0.060096 0.072115
0 0.707933 0.055288 0.079327 0.110577
0 0.906250 0.093750 0.086538 0.100962
0 0.271635 0.045673 0.081731 0.091346
0 0.772837 0.066106 0.069712 0.103365
0 0.100962 0.049279 0.096154 0.098558
0 0.568510 0.126202 0.055288 0.074519
0 0.637019 0.037260 0.096154 0.074519
0 0.344952 0.032452 0.108173 0.064904
0 0.463942 0.046875 0.105769 0.093750
0 0.971154 0.030048 0.052885 0.060096
0 0.347356 0.120192 0.045673 0.072115
0 0.243990 0.100962 0.060096 0.062500
