0 0.298077 0.659036 0.125000 0.127711
0 0.612981 0.421687 0.110577 0.106024
0 0.157452 0.398795 0.117788 0.093976
0 0.430288 0.373494 0.096154 0.125301
0 0.170673 0.481928 0.149038 0.130120
0 0.349760 0.210843 0.093750 0.084337
1 0.251202 0.333735 0.088942 0.098795
1 0.491587 0.671084 0.137019 0.118072
1 0.667067 0.710843 0.103365 0.101205
1 0.727163 0.451807 0.127404 0.118072
0 0.299279 0.971084 0.127404 0.053012
0 0.349760 0.124096 0.093750 0.084337
1 0.250000 0.025301 0.091346 0.050602
1 0.490385 0.967470 0.139423 0.060241
1 0.665865 0.951807 0.105769 0.091566
