1 0.861779 0.377404 0.079327 0.086538
1 0.461538 0.415865 0.067308 0.091346
1 0.242788 0.407452 0.076923 0.103365
1 0.034856 0.469952 0.060096 0.088942
1 0.183894 0.399038 0.064904 0.081731
1 0.747596 0.360577 0.096154 0.110577
1 0.556490 0.406250 0.093750 0.110577
1 0.941106 0.403846 0.055288 0.067308
1 0.703125 0.389423 0.060096 0.096154
1 0.349760 0.390625 0.088942 0.112981
1 0.080529 0.433894 0.045673 0.084135
1 0.861779 0.055288 0.079327 0.086538
1 0.462740 0.032452 0.069712 0.064904
1 0.243990 0.039663 0.079327 0.079327
1 0.182692 0.038462 0.067308 0.076923
1 0.747596 0.072115 0.096154 0.110577
1 0.555288 0.042067 0.096154 0.084135
1 0.939904 0.032452 0.057692 0.064904
1 0.701923 0.046875 0.062500 0.093750
1 0.348558 0.050481 0.091346 0.100962
1 0.079327 0.021635 0.048077 0.043269
