1 0.283654 0.344578 0.129808 0.183133
1 0.737981 0.438554 0.129808 0.173494
1 0.469952 0.397590 0.117788 0.154217
1 0.849760 0.342169 0.127404 0.168675
1 0.727163 0.349398 0.103365 0.101205
1 0.167067 0.361446 0.103365 0.120482
1 0.061298 0.336145 0.117788 0.166265
1 0.652644 0.401205 0.074519 0.132530
1 0.951923 0.338554 0.086538 0.175904
1 0.526442 0.374699 0.062500 0.142169
1 0.348558 0.380723 0.067308 0.154217
1 0.284856 0.077108 0.132212 0.154217
1 0.739183 0.027711 0.132212 0.055422
1 0.468750 0.043373 0.120192 0.086747
1 0.848558 0.074699 0.129808 0.149398
1 0.727163 0.055422 0.103365 0.101205
1 0.165865 0.053012 0.105769 0.106024
1 0.060096 0.077108 0.120192 0.154217
1 0.651442 0.036145 0.076923 0.072289
1 0.953125 0.078313 0.088942 0.156627
1 0.527644 0.051807 0.064904 0.103614
1 0.349760 0.051807 0.069712 0.103614
