0 0.125000 0.295673 0.129808 0.168269
0 0.228365 0.325721 0.081731 0.103365
0 0.040865 0.288462 0.076923 0.125000
1 0.568510 0.307692 0.137019 0.153846
1 0.685096 0.253606 0.110577 0.127404
1 0.848558 0.355769 0.057692 0.081731
1 0.895433 0.355769 0.045673 0.057692
1 0.971154 0.322115 0.048077 0.105769
0 0.126202 0.078125 0.132212 0.156250
0 0.229567 0.046875 0.084135 0.093750
0 0.040865 0.076923 0.076923 0.125000
1 0.567308 0.068510 0.139423 0.137019
1 0.685096 0.114183 0.110577 0.127404
1 0.849760 0.026442 0.060096 0.052885
1 0.894231 0.020433 0.048077 0.040865
1 0.972356 0.049279 0.050481 0.098558
