0 0.280048 0.370192 0.069712 0.091346
0 0.604567 0.382212 0.084135 0.100962
0 0.393029 0.371394 0.084135 0.112981
0 0.108173 0.394231 0.048077 0.067308
0 0.216346 0.414663 0.038462 0.045673
0 0.150240 0.409856 0.031250 0.040865
0 0.959135 0.365385 0.072115 0.144231
0 0.280048 0.067308 0.069712 0.091346
0 0.604567 0.055288 0.084135 0.100962
0 0.393029 0.068510 0.084135 0.112981
0 0.108173 0.043269 0.048077 0.067308
0 0.216346 0.025240 0.038462 0.045673
0 0.150240 0.030048 0.031250 0.040865
0 0.959135 0.072115 0.072115 0.144231
