0 0.670673 0.456627 0.120192 0.118072
0 0.775240 0.210843 0.132212 0.132530
0 0.651442 0.571084 0.105769 0.115663
0 0.688702 0.703614 0.127404 0.130120
0 0.621394 0.227711 0.122596 0.142169
2 0.237981 0.497590 0.451923 0.706024
2 0.626202 0.754217 0.271635 0.202410
2 0.637019 0.592771 0.221154 0.149398
2 0.799279 0.627711 0.367788 0.440964
2 0.530048 0.309639 0.305288 0.320482
2 0.723558 0.272289 0.230769 0.260241
0 0.157452 0.213253 0.247596 0.137349
0 0.775240 0.075904 0.132212 0.132530
0 0.687500 0.973494 0.129808 0.048193
0 0.620192 0.065060 0.125000 0.130120
2 0.239183 0.071084 0.454327 0.142169
2 0.625000 0.930120 0.274038 0.134940
2 0.798077 0.933735 0.370192 0.127711
2 0.528846 0.068675 0.307692 0.137349
2 0.724760 0.072289 0.233173 0.144578
0 0.157452 0.073494 0.247596 0.137349
