0 0.453125 0.326506 0.064904 0.079518
0 0.524038 0.292771 0.096154 0.132530
0 0.848558 0.272289 0.120192 0.154217
0 0.681490 0.315663 0.141827 0.178313
0 0.606971 0.328916 0.055288 0.084337
1 0.289663 0.326506 0.074519 0.089157
0 0.798077 0.328916 0.067308 0.098795
0 0.451923 0.024096 0.067308 0.048193
0 0.525240 0.054217 0.098558 0.108434
0 0.849760 0.069880 0.122596 0.139759
0 0.680288 0.054217 0.144231 0.108434
0 0.605769 0.024096 0.057692 0.048193
1 0.288462 0.026506 0.076923 0.053012
0 0.799279 0.027711 0.069712 0.055422
