0 0.757212 0.307229 0.067308 0.069880
0 0.334135 0.272289 0.091346 0.091566
0 0.849760 0.304819 0.127404 0.137349
0 0.182692 0.295181 0.081731 0.084337
0 0.445913 0.596386 0.060096 0.055422
0 0.218750 0.281928 0.057692 0.081928
0 0.033654 0.474699 0.057692 0.086747
0 0.087740 0.290361 0.040865 0.055422
0 0.141827 0.297590 0.048077 0.055422
0 0.485577 0.410843 0.057692 0.050602
0 0.415865 0.410843 0.043269 0.050602
0 0.757212 0.133735 0.067308 0.069880
0 0.334135 0.166265 0.091346 0.091566
0 0.849760 0.136145 0.127404 0.137349
0 0.182692 0.145783 0.081731 0.084337
0 0.445913 0.969880 0.060096 0.055422
0 0.218750 0.156627 0.057692 0.081928
0 0.087740 0.150602 0.040865 0.055422
0 0.141827 0.143373 0.048077 0.055422
0 0.485577 0.030120 0.057692 0.050602
0 0.415865 0.030120 0.043269 0.050602
