0 0.389423 0.395433 0.072115 0.093750
0 0.948317 0.418269 0.060096 0.081731
0 0.141827 0.411058 0.062500 0.086538
0 0.473558 0.411058 0.057692 0.072115
0 0.194712 0.419471 0.052885 0.069712
0 0.888221 0.435096 0.055288 0.062500
0 0.737981 0.429087 0.052885 0.064904
0 0.632212 0.424279 0.048077 0.060096
0 0.808894 0.429087 0.045673 0.055288
0 0.344952 0.437500 0.050481 0.062500
0 0.298077 0.420673 0.038462 0.062500
0 0.108173 0.444712 0.043269 0.057692
0 0.580529 0.427885 0.036058 0.057692
0 0.508413 0.423077 0.036058 0.067308
