0 0.837740 0.255422 0.117788 0.139759
0 0.698317 0.297590 0.093750 0.103614
1 0.510817 0.301205 0.074519 0.081928
1 0.139423 0.279518 0.129808 0.139759
1 0.356971 0.259036 0.079327 0.103614
1 0.929087 0.277108 0.079327 0.072289
1 0.207933 0.296386 0.050481 0.096386
0 0.837740 0.077108 0.117788 0.139759
0 0.697115 0.044578 0.096154 0.089157
1 0.509615 0.037349 0.076923 0.074699
1 0.140625 0.062651 0.132212 0.125301
1 0.356971 0.075904 0.079327 0.103614
1 0.929087 0.055422 0.079327 0.072289
1 0.206731 0.043373 0.052885 0.086747
