0 0.066106 0.374699 0.127404 0.349398
0 0.155048 0.443373 0.141827 0.260241
0 0.275240 0.483133 0.165865 0.238554
0 0.258413 0.328916 0.189904 0.195181
0 0.478365 0.400000 0.201923 0.279518
0 0.554087 0.327711 0.180288 0.260241
0 0.692308 0.372289 0.139423 0.238554
0 0.831731 0.415663 0.182692 0.248193
0 0.915865 0.353012 0.158654 0.296386
0 0.064904 0.098795 0.129808 0.197590
0 0.153846 0.042169 0.144231 0.084337
0 0.257212 0.083133 0.192308 0.166265
0 0.479567 0.068675 0.204327 0.137349
0 0.552885 0.100000 0.182692 0.200000
0 0.693510 0.072289 0.141827 0.144578
0 0.832933 0.053012 0.185096 0.106024
0 0.917067 0.096386 0.161058 0.192771
