0 0.177885 0.349398 0.072115 0.081928
0 0.372596 0.436145 0.100962 0.096386
0 0.276442 0.521687 0.153846 0.142169
1 0.843750 0.271084 0.086538 0.103614
1 0.705529 0.298795 0.055288 0.072289
1 0.442308 0.333735 0.067308 0.069880
0 0.605769 0.326506 0.038462 0.055422
0 0.544471 0.345783 0.040865 0.055422
0 0.510817 0.348193 0.031250 0.045783
0 0.466346 0.344578 0.033654 0.057831
1 0.673077 0.331325 0.048077 0.045783
1 0.929087 0.320482 0.036058 0.053012
0 0.179087 0.013253 0.074519 0.026506
1 0.843750 0.063855 0.086538 0.103614
1 0.704327 0.036145 0.057692 0.072289
1 0.443510 0.018072 0.069712 0.036145
0 0.606971 0.018072 0.040865 0.036145
0 0.543269 0.008434 0.043269 0.016867
0 0.509615 0.004819 0.033654 0.009639
0 0.467548 0.009639 0.036058 0.019277
1 0.674279 0.013253 0.050481 0.026506
1 0.927885 0.020482 0.038462 0.040964
