0 0.463942 0.276442 0.057692 0.076923
0 0.593750 0.275240 0.067308 0.093750
0 0.282452 0.280048 0.093750 0.117788
0 0.457933 0.376202 0.098558 0.112981
0 0.509615 0.334135 0.081731 0.105769
0 0.564904 0.302885 0.038462 0.076923
1 0.968750 0.221154 0.057692 0.105769
1 0.057692 0.325721 0.043269 0.040865
1 0.104567 0.323317 0.026442 0.026442
0 0.463942 0.055288 0.057692 0.076923
0 0.593750 0.058894 0.067308 0.093750
0 0.281250 0.056490 0.096154 0.112981
0 0.510817 0.026442 0.084135 0.052885
0 0.566106 0.034856 0.040865 0.069712
1 0.968750 0.110577 0.057692 0.105769
1 0.058894 0.014423 0.045673 0.028846
1 0.103365 0.012019 0.028846 0.024038
