0 0.106971 0.467470 0.069712 0.081928
0 0.169471 0.420482 0.050481 0.069880
0 0.230769 0.454217 0.057692 0.079518
0 0.407452 0.459036 0.064904 0.089157
0 0.210337 0.377108 0.055288 0.060241
0 0.246394 0.339759 0.055288 0.057831
0 0.307692 0.338554 0.048077 0.060241
0 0.468750 0.306024 0.048077 0.057831
0 0.497596 0.368675 0.048077 0.077108
0 0.519231 0.442169 0.057692 0.079518
0 0.572115 0.478313 0.067308 0.089157
0 0.569712 0.326506 0.052885 0.069880
0 0.740385 0.455422 0.057692 0.072289
0 0.697115 0.402410 0.052885 0.062651
0 0.891827 0.480723 0.081731 0.098795
2 0.086538 0.631325 0.144231 0.395181
2 0.234375 0.622892 0.141827 0.416867
2 0.407452 0.622892 0.189904 0.416867
2 0.578125 0.626506 0.156250 0.400000
2 0.698317 0.634940 0.137019 0.392771
2 0.772837 0.622892 0.122596 0.407229
2 0.901442 0.628916 0.187500 0.404819
2 0.164663 0.457831 0.098558 0.144578
2 0.302885 0.480723 0.105769 0.137349
2 0.524038 0.480723 0.129808 0.151807
2 0.709135 0.456627 0.163462 0.161446
2 0.350962 0.395181 0.091346 0.115663
2 0.493990 0.409639 0.122596 0.144578
2 0.580529 0.372289 0.117788 0.171084
2 0.467548 0.344578 0.108173 0.134940
2 0.308894 0.355422 0.069712 0.098795
2 0.241587 0.361446 0.069712 0.096386
2 0.201923 0.393976 0.062500 0.098795
0 0.245192 0.012048 0.057692 0.024096
0 0.308894 0.013253 0.050481 0.026506
0 0.469952 0.028916 0.050481 0.057831
0 0.570913 0.021687 0.055288 0.043373
2 0.087740 0.918072 0.146635 0.159036
2 0.233173 0.916867 0.144231 0.161446
2 0.406250 0.916867 0.192308 0.161446
2 0.576923 0.919277 0.158654 0.156627
2 0.697115 0.916867 0.139423 0.161446
2 0.771635 0.919277 0.125000 0.156627
2 0.902644 0.916867 0.189904 0.161446
2 0.579327 0.024096 0.120192 0.048193
2 0.466346 0.028916 0.110577 0.057831
2 0.307692 0.014458 0.072115 0.028916
2 0.240385 0.010843 0.072115 0.021687
