0 0.569712 0.364183 0.072115 0.084135
0 0.207933 0.305288 0.069712 0.105769
0 0.396635 0.335337 0.072115 0.098558
0 0.316106 0.348558 0.055288 0.072115
0 0.868990 0.367788 0.093750 0.105769
0 0.134615 0.299279 0.105769 0.127404
1 0.706731 0.370192 0.052885 0.067308
0 0.570913 0.020433 0.074519 0.040865
0 0.207933 0.055288 0.069712 0.105769
0 0.397837 0.038462 0.074519 0.076923
0 0.314904 0.025240 0.057692 0.050481
0 0.867788 0.024038 0.096154 0.048077
0 0.135817 0.063702 0.108173 0.127404
1 0.707933 0.013221 0.055288 0.026442
