0 0.340144 0.317308 0.146635 0.177885
0 0.750000 0.419471 0.067308 0.079327
0 0.451923 0.453125 0.067308 0.084135
0 0.674279 0.491587 0.055288 0.069712
0 0.114183 0.491587 0.040865 0.050481
0 0.528846 0.506010 0.038462 0.045673
0 0.620192 0.509615 0.033654 0.038462
2 0.128606 0.585337 0.117788 0.237981
2 0.802885 0.605769 0.177885 0.447115
2 0.677885 0.605769 0.086538 0.302885
2 0.618990 0.575721 0.050481 0.165865
2 0.530048 0.604567 0.069712 0.237981
2 0.451923 0.621394 0.096154 0.420673
2 0.296875 0.524038 0.237981 0.605769
0 0.338942 0.050481 0.149038 0.100962
2 0.804087 0.917067 0.180288 0.161058
2 0.679087 0.953125 0.088942 0.088942
2 0.528846 0.969952 0.072115 0.055288
2 0.453125 0.915865 0.098558 0.163462
2 0.295673 0.918269 0.240385 0.158654
