0 0.706731 0.554217 0.072115 0.077108
0 0.606971 0.525301 0.060096 0.072289
0 0.478365 0.486747 0.048077 0.062651
0 0.271635 0.339759 0.033654 0.038554
0 0.418269 0.369880 0.038462 0.050602
0 0.500000 0.378313 0.043269 0.043373
0 0.575721 0.377108 0.040865 0.040964
0 0.854567 0.454217 0.045673 0.055422
0 0.782452 0.434940 0.045673 0.045783
0 0.747596 0.418072 0.038462 0.045783
0 0.493990 0.343373 0.040865 0.045783
0 0.355769 0.349398 0.033654 0.033735
0 0.625000 0.381928 0.038462 0.045783
0 0.653846 0.384337 0.033654 0.040964
0 0.591346 0.349398 0.038462 0.033735
0 0.603365 0.325301 0.033654 0.033735
0 0.695913 0.395181 0.040865 0.038554
0 0.775240 0.383133 0.045673 0.043373
0 0.711538 0.340964 0.033654 0.031325
0 0.219952 0.350602 0.050481 0.045783
0 0.183894 0.344578 0.036058 0.038554
0 0.156250 0.332530 0.033654 0.033735
0 0.134615 0.322892 0.033654 0.033735
0 0.116587 0.321687 0.026442 0.031325
0 0.081731 0.325301 0.033654 0.033735
0 0.223558 0.296386 0.033654 0.028916
0 0.391827 0.319277 0.024038 0.021687
0 0.956731 0.402410 0.043269 0.048193
0 0.861779 0.303614 0.026442 0.038554
0 0.284856 0.278313 0.026442 0.026506
0 0.036058 0.281928 0.028846 0.028916
0 0.893029 0.295181 0.026442 0.040964
0 0.967548 0.354217 0.040865 0.033735
0 0.227163 0.267470 0.021635 0.024096
0 0.739183 0.310843 0.021635 0.024096
0 0.707933 0.984337 0.074519 0.026506
0 0.271635 0.098795 0.033654 0.038554
0 0.418269 0.071084 0.038462 0.050602
0 0.500000 0.060241 0.043269 0.043373
0 0.575721 0.063855 0.040865 0.040964
0 0.853365 0.007229 0.048077 0.014458
0 0.781250 0.014458 0.048077 0.028916
0 0.748798 0.022892 0.040865 0.045783
0 0.493990 0.097590 0.040865 0.045783
0 0.355769 0.089157 0.033654 0.033735
0 0.625000 0.059036 0.038462 0.045783
0 0.653846 0.056627 0.033654 0.040964
0 0.591346 0.089157 0.038462 0.033735
0 0.603365 0.113253 0.033654 0.033735
0 0.695913 0.043373 0.040865 0.038554
0 0.775240 0.055422 0.045673 0.043373
0 0.711538 0.100000 0.033654 0.031325
0 0.219952 0.090361 0.050481 0.045783
0 0.183894 0.093976 0.036058 0.038554
0 0.156250 0.106024 0.033654 0.033735
0 0.134615 0.115663 0.033654 0.033735
0 0.116587 0.119277 0.026442 0.031325
0 0.081731 0.113253 0.033654 0.033735
0 0.223558 0.142169 0.033654 0.028916
0 0.391827 0.121687 0.024038 0.021687
0 0.956731 0.036145 0.043269 0.048193
0 0.861779 0.134940 0.026442 0.038554
0 0.284856 0.162651 0.026442 0.026506
0 0.036058 0.156627 0.028846 0.028916
0 0.893029 0.145783 0.026442 0.040964
0 0.967548 0.084337 0.040865 0.033735
0 0.227163 0.171084 0.021635 0.024096
0 0.739183 0.127711 0.021635 0.024096
