0 0.305288 0.292771 0.052885 0.060241
0 0.437500 0.269880 0.062500 0.057831
0 0.763221 0.220482 0.040865 0.045783
0 0.881010 0.287952 0.040865 0.045783
0 0.760817 0.440964 0.103365 0.125301
2 0.721154 0.557831 0.307692 0.349398
2 0.282452 0.340964 0.209135 0.175904
2 0.451923 0.334940 0.129808 0.178313
2 0.754808 0.291566 0.096154 0.178313
2 0.868990 0.330120 0.093750 0.130120
0 0.305288 0.042169 0.052885 0.060241
0 0.437500 0.062651 0.062500 0.057831
0 0.763221 0.114458 0.040865 0.045783
0 0.881010 0.046988 0.040865 0.045783
2 0.281250 0.040964 0.211538 0.081928
2 0.453125 0.044578 0.132212 0.089157
2 0.756010 0.066265 0.098558 0.132530
2 0.867788 0.034940 0.096154 0.069880
