0 0.477163 0.498795 0.117788 0.106024
0 0.396635 0.384337 0.081731 0.079518
0 0.837740 0.451807 0.060096 0.079518
0 0.631010 0.578313 0.141827 0.125301
0 0.743990 0.480723 0.069712 0.074699
0 0.489183 0.454217 0.093750 0.055422
0 0.266827 0.402410 0.067308 0.062651
2 0.784856 0.554217 0.165865 0.289157
2 0.688702 0.498795 0.194712 0.134940
2 0.548077 0.666265 0.355769 0.262651
2 0.236779 0.572289 0.141827 0.421687
2 0.364183 0.542169 0.112981 0.404819
2 0.456731 0.609639 0.168269 0.318072
2 0.549279 0.931325 0.358173 0.132530
2 0.235577 0.938554 0.144231 0.118072
2 0.362981 0.957831 0.115385 0.079518
2 0.457933 0.945783 0.170673 0.103614
