0 0.062500 0.275904 0.072115 0.103614
0 0.308894 0.331325 0.074519 0.098795
0 0.211538 0.308434 0.072115 0.101205
0 0.443510 0.363855 0.088942 0.115663
0 0.641827 0.334940 0.057692 0.081928
1 0.594952 0.304819 0.074519 0.084337
2 0.076923 0.508434 0.153846 0.554217
2 0.206731 0.516867 0.129808 0.513253
2 0.324519 0.533735 0.129808 0.498795
2 0.459135 0.515663 0.149038 0.419277
2 0.598558 0.431325 0.139423 0.322892
2 0.665865 0.407229 0.096154 0.216867
0 0.062500 0.054217 0.072115 0.103614
0 0.307692 0.024096 0.076923 0.048193
0 0.212740 0.036145 0.074519 0.072289
0 0.442308 0.012048 0.091346 0.024096
0 0.643029 0.018072 0.060096 0.036145
1 0.593750 0.033735 0.076923 0.067470
2 0.325721 0.944578 0.132212 0.106024
