0 0.043269 0.390361 0.038462 0.038554
0 0.264423 0.400000 0.038462 0.043373
0 0.843750 0.349398 0.062500 0.081928
0 0.986779 0.345783 0.021635 0.093976
0 0.691106 0.377108 0.050481 0.074699
0 0.731971 0.368675 0.045673 0.067470
0 0.588942 0.371084 0.052885 0.077108
0 0.631010 0.368675 0.036058 0.062651
0 0.492788 0.380723 0.048077 0.062651
0 0.319712 0.404819 0.024038 0.038554
0 0.350962 0.424096 0.033654 0.043373
0 0.354567 0.380723 0.031250 0.043373
0 0.391827 0.410843 0.038462 0.050602
0 0.438702 0.380723 0.050481 0.062651
0 0.533654 0.378313 0.033654 0.057831
0 0.844952 0.013253 0.064904 0.026506
0 0.985577 0.018072 0.024038 0.036145
