0 0.915865 0.420673 0.043269 0.067308
1 0.526442 0.429087 0.057692 0.074519
1 0.106971 0.472356 0.069712 0.064904
1 0.256010 0.450721 0.055288 0.069712
1 0.400240 0.435096 0.060096 0.072115
1 0.603365 0.449519 0.048077 0.062500
1 0.677885 0.424279 0.048077 0.064904
1 0.652644 0.473558 0.050481 0.057692
1 0.447115 0.449519 0.033654 0.052885
1 0.326923 0.457933 0.038462 0.040865
1 0.163462 0.465144 0.038462 0.045673
0 0.980769 0.438702 0.033654 0.069712
0 0.945913 0.444712 0.031250 0.052885
1 0.730769 0.445913 0.024038 0.040865
