0 0.218750 0.368990 0.086538 0.093750
0 0.048077 0.334135 0.067308 0.081731
1 0.304087 0.373798 0.040865 0.050481
1 0.355769 0.388221 0.057692 0.074519
0 0.429087 0.358173 0.055288 0.072115
0 0.542067 0.349760 0.069712 0.093750
1 0.599760 0.364183 0.055288 0.069712
1 0.668269 0.368990 0.062500 0.079327
1 0.745192 0.381010 0.052885 0.069712
1 0.783654 0.376202 0.033654 0.045673
1 0.923077 0.376202 0.072115 0.093750
1 0.975962 0.384615 0.038462 0.081731
0 0.049279 0.022837 0.069712 0.045673
0 0.427885 0.008413 0.057692 0.016827
0 0.540865 0.018029 0.072115 0.036058
