1 0.515625 0.332933 0.069712 0.079327
1 0.895433 0.281250 0.117788 0.120192
1 0.651442 0.350962 0.062500 0.076923
1 0.355769 0.340144 0.062500 0.069712
1 0.705529 0.349760 0.055288 0.074519
1 0.817308 0.344952 0.057692 0.069712
1 0.584135 0.334135 0.057692 0.067308
1 0.250000 0.367788 0.043269 0.052885
1 0.514423 0.032452 0.072115 0.064904
1 0.895433 0.074519 0.117788 0.120192
1 0.652644 0.022837 0.064904 0.045673
1 0.356971 0.026442 0.064904 0.052885
1 0.704327 0.022837 0.057692 0.045673
1 0.818510 0.024038 0.060096 0.048077
1 0.585337 0.028846 0.060096 0.057692
1 0.251202 0.008413 0.045673 0.016827
