0 0.371394 0.340144 0.031250 0.036058
0 0.430288 0.223558 0.033654 0.038462
0 0.634615 0.706731 0.038462 0.052885
0 0.727163 0.804087 0.045673 0.050481
0 0.765625 0.657452 0.045673 0.045673
1 0.316106 0.250000 0.031250 0.043269
1 0.546875 0.723558 0.040865 0.043269
1 0.727163 0.746394 0.040865 0.045673
1 0.480769 0.228365 0.024038 0.033654
1 0.596154 0.206731 0.033654 0.033654
0 0.430288 0.026442 0.033654 0.038462
0 0.727163 0.948317 0.045673 0.050481
1 0.314904 0.012019 0.033654 0.024038
1 0.725962 0.989183 0.043269 0.016827
1 0.480769 0.021635 0.024038 0.033654
1 0.596154 0.043269 0.033654 0.033654
