0 0.218750 0.378606 0.076923 0.069712
0 0.074519 0.368990 0.096154 0.093750
0 0.236779 0.304087 0.055288 0.060096
0 0.609375 0.287260 0.045673 0.050481
0 0.033654 0.287260 0.062500 0.098558
0 0.169471 0.239183 0.045673 0.036058
0 0.391827 0.241587 0.043269 0.040865
1 0.455529 0.526442 0.074519 0.086538
1 0.324519 0.243990 0.033654 0.045673
1 0.379808 0.260817 0.048077 0.055288
1 0.716346 0.275240 0.115385 0.108173
1 0.801683 0.264423 0.060096 0.086538
1 0.975962 0.256010 0.043269 0.064904
1 0.949519 0.269231 0.043269 0.067308
0 0.218750 0.061298 0.076923 0.069712
0 0.074519 0.070913 0.096154 0.093750
0 0.236779 0.135817 0.055288 0.060096
0 0.609375 0.152644 0.045673 0.050481
0 0.033654 0.152644 0.062500 0.098558
0 0.169471 0.200721 0.045673 0.036058
0 0.391827 0.198317 0.043269 0.040865
1 0.324519 0.195913 0.033654 0.045673
1 0.379808 0.179087 0.048077 0.055288
1 0.716346 0.164663 0.115385 0.108173
1 0.801683 0.173077 0.060096 0.086538
1 0.975962 0.183894 0.043269 0.064904
1 0.949519 0.168269 0.043269 0.067308
