1 0.431490 0.379808 0.060096 0.072115
1 0.675481 0.378606 0.057692 0.069712
1 0.486779 0.393029 0.069712 0.093750
1 0.555288 0.382212 0.057692 0.076923
1 0.209135 0.355769 0.076923 0.100962
1 0.800481 0.359375 0.062500 0.074519
1 0.131010 0.396635 0.093750 0.110577
1 0.431490 0.115385 0.060096 0.072115
1 0.675481 0.118990 0.057692 0.069712
1 0.486779 0.104567 0.069712 0.093750
1 0.555288 0.112981 0.057692 0.076923
1 0.209135 0.139423 0.076923 0.100962
1 0.800481 0.138221 0.062500 0.074519
1 0.131010 0.098558 0.093750 0.110577
