0 0.150240 0.343750 0.088942 0.096154
0 0.228365 0.312500 0.062500 0.081731
0 0.492788 0.354567 0.043269 0.050481
1 0.286058 0.343750 0.057692 0.057692
1 0.405048 0.365385 0.050481 0.067308
1 0.510817 0.421875 0.064904 0.069712
1 0.567308 0.372596 0.048077 0.048077
1 0.631010 0.378606 0.031250 0.045673
1 0.731971 0.491587 0.040865 0.050481
1 0.719952 0.376202 0.045673 0.050481
0 0.149038 0.040865 0.091346 0.081731
0 0.228365 0.062500 0.062500 0.081731
0 0.493990 0.024038 0.045673 0.048077
1 0.286058 0.031250 0.057692 0.057692
1 0.403846 0.022837 0.052885 0.045673
1 0.568510 0.014423 0.050481 0.028846
1 0.629808 0.010817 0.033654 0.021635
1 0.718750 0.013221 0.048077 0.026442
