0 0.081731 0.251202 0.062500 0.064904
0 0.403846 0.513221 0.043269 0.045673
0 0.713942 0.633413 0.048077 0.074519
0 0.582933 0.504808 0.036058 0.033654
0 0.543269 0.483173 0.038462 0.043269
0 0.111779 0.362981 0.050481 0.057692
0 0.441106 0.356971 0.040865 0.045673
0 0.711538 0.421875 0.048077 0.045673
0 0.650240 0.307692 0.036058 0.048077
0 0.145433 0.254808 0.036058 0.043269
0 0.590144 0.295673 0.031250 0.033654
0 0.718750 0.271635 0.024038 0.043269
0 0.693510 0.316106 0.036058 0.045673
0 0.175481 0.287260 0.033654 0.040865
0 0.401442 0.427885 0.038462 0.038462
0 0.350962 0.442308 0.028846 0.038462
0 0.413462 0.330529 0.028846 0.031250
0 0.378606 0.443510 0.031250 0.040865
0 0.081731 0.082933 0.062500 0.064904
0 0.650240 0.024038 0.036058 0.048077
0 0.145433 0.076923 0.036058 0.043269
0 0.590144 0.036058 0.031250 0.033654
0 0.718750 0.060096 0.024038 0.043269
0 0.692308 0.020433 0.038462 0.040865
0 0.175481 0.046875 0.033654 0.040865
0 0.414663 0.009615 0.031250 0.019231
