0 0.314904 0.451923 0.057692 0.052885
0 0.221154 0.454327 0.052885 0.062500
1 0.264423 0.477163 0.052885 0.060096
1 0.425481 0.462740 0.043269 0.045673
1 0.567308 0.468750 0.033654 0.043269
1 0.537260 0.443510 0.036058 0.040865
1 0.500000 0.448317 0.028846 0.036058
1 0.289663 0.469952 0.031250 0.050481
0 0.588942 0.441106 0.033654 0.045673
0 0.713942 0.455529 0.043269 0.050481
0 0.786058 0.450721 0.038462 0.045673
1 0.662260 0.467548 0.045673 0.045673
1 0.766827 0.496394 0.052885 0.055288
1 0.883413 0.465144 0.031250 0.036058
1 0.959135 0.469952 0.033654 0.036058
