0 0.147837 0.415663 0.060096 0.079518
0 0.194712 0.400000 0.052885 0.072289
0 0.237981 0.415663 0.038462 0.045783
0 0.353365 0.420482 0.048077 0.069880
0 0.426683 0.385542 0.050481 0.062651
0 0.524038 0.392771 0.052885 0.057831
0 0.564904 0.357831 0.048077 0.060241
0 0.631010 0.333735 0.045673 0.065060
0 0.605769 0.336145 0.038462 0.055422
0 0.727163 0.334940 0.055288 0.067470
0 0.776442 0.324096 0.048077 0.074699
0 0.566106 0.006024 0.050481 0.012048
0 0.629808 0.019277 0.048077 0.038554
0 0.606971 0.015663 0.040865 0.031325
0 0.725962 0.019277 0.057692 0.038554
0 0.777644 0.026506 0.050481 0.053012
