0 0.512019 0.243990 0.081731 0.103365
0 0.177885 0.573317 0.134615 0.141827
0 0.646635 0.598558 0.129808 0.144231
0 0.873798 0.272837 0.084135 0.093750
0 0.854567 0.518029 0.117788 0.122596
0 0.956731 0.250000 0.072115 0.091346
0 0.453125 0.295673 0.079327 0.100962
0 0.034856 0.301683 0.064904 0.141827
0 0.820913 0.332933 0.098558 0.127404
0 0.331731 0.234375 0.091346 0.112981
0 0.111779 0.407452 0.108173 0.132212
0 0.709135 0.281250 0.091346 0.081731
0 0.183894 0.290865 0.103365 0.139423
0 0.826923 0.225962 0.100962 0.096154
0 0.739183 0.600962 0.103365 0.115385
0 0.320913 0.389423 0.117788 0.139423
0 0.501202 0.355769 0.093750 0.125000
0 0.718750 0.362981 0.105769 0.149038
0 0.558894 0.401442 0.098558 0.096154
0 0.816106 0.486779 0.117788 0.132212
1 0.540865 0.725962 0.125000 0.139423
1 0.164663 0.736779 0.117788 0.127404
1 0.956731 0.543269 0.076923 0.153846
1 0.048077 0.645433 0.086538 0.127404
2 0.340144 0.578125 0.204327 0.483173
2 0.085337 0.459135 0.122596 0.225962
2 0.198317 0.365385 0.127404 0.274038
2 0.347356 0.263221 0.151442 0.165865
2 0.536058 0.504808 0.134615 0.293269
2 0.950721 0.646635 0.093750 0.341346
2 0.653846 0.681490 0.163462 0.271635
2 0.854567 0.639423 0.122596 0.346154
2 0.484375 0.556490 0.112981 0.507212
2 0.957933 0.349760 0.079327 0.286058
0 0.512019 0.109375 0.081731 0.103365
0 0.873798 0.080529 0.084135 0.093750
0 0.956731 0.100962 0.072115 0.091346
0 0.453125 0.055288 0.079327 0.100962
0 0.033654 0.061298 0.067308 0.122596
0 0.819712 0.042067 0.100962 0.084135
0 0.331731 0.118990 0.091346 0.112981
0 0.709135 0.069712 0.091346 0.081731
0 0.182692 0.066106 0.105769 0.132212
0 0.826923 0.125000 0.100962 0.096154
0 0.319712 0.016827 0.120192 0.033654
0 0.500000 0.030048 0.096154 0.060096
0 0.719952 0.032452 0.108173 0.064904
1 0.540865 0.915865 0.125000 0.139423
1 0.164663 0.907452 0.117788 0.127404
1 0.049279 0.965144 0.088942 0.064904
2 0.338942 0.909856 0.206731 0.175481
2 0.197115 0.062500 0.129808 0.125000
2 0.347356 0.090144 0.151442 0.165865
2 0.949519 0.911058 0.096154 0.173077
2 0.655048 0.911058 0.165865 0.173077
2 0.853365 0.913462 0.125000 0.168269
2 0.483173 0.914663 0.115385 0.165865
2 0.956731 0.073317 0.081731 0.146635
