0 0.373798 0.416867 0.055288 0.077108
0 0.057692 0.430120 0.033654 0.060241
0 0.427885 0.428916 0.043269 0.062651
0 0.737981 0.418072 0.043269 0.050602
0 0.097356 0.430120 0.040865 0.045783
0 0.019231 0.433735 0.033654 0.057831
0 0.170673 0.428916 0.028846 0.043373
0 0.201923 0.443373 0.043269 0.048193
0 0.271635 0.442169 0.043269 0.045783
0 0.507212 0.428916 0.052885 0.048193
0 0.578125 0.430120 0.040865 0.045783
0 0.667067 0.402410 0.036058 0.057831
0 0.703125 0.400000 0.031250 0.057831
0 0.781250 0.412048 0.043269 0.057831
