0 0.044471 0.453125 0.079327 0.127404
0 0.110577 0.463942 0.072115 0.115385
0 0.210337 0.454327 0.112981 0.139423
0 0.352163 0.450721 0.093750 0.132212
0 0.314904 0.397837 0.081731 0.122596
0 0.518029 0.424279 0.084135 0.117788
0 0.486779 0.389423 0.069712 0.081731
0 0.650240 0.451923 0.088942 0.125000
0 0.764423 0.383413 0.115385 0.146635
0 0.635817 0.367788 0.088942 0.086538
0 0.884615 0.435096 0.081731 0.081731
0 0.961538 0.381010 0.067308 0.161058
1 0.474760 0.473558 0.088942 0.105769
0 0.043269 0.025240 0.081731 0.050481
0 0.111779 0.016827 0.074519 0.033654
0 0.209135 0.027644 0.115385 0.055288
0 0.350962 0.027644 0.096154 0.055288
0 0.316106 0.051683 0.084135 0.103365
0 0.516827 0.037260 0.086538 0.074519
0 0.486779 0.048077 0.069712 0.081731
0 0.649038 0.025240 0.091346 0.050481
0 0.765625 0.064904 0.117788 0.129808
0 0.635817 0.069712 0.088942 0.086538
0 0.885817 0.022837 0.084135 0.045673
0 0.962740 0.069712 0.069712 0.139423
