0 0.902644 0.243373 0.093750 0.110843
0 0.824519 0.572289 0.129808 0.142169
0 0.543269 0.242169 0.057692 0.069880
0 0.353365 0.260241 0.067308 0.072289
0 0.159856 0.377108 0.064904 0.060241
0 0.786058 0.281928 0.048077 0.057831
0 0.885817 0.408434 0.060096 0.089157
0 0.677885 0.424096 0.057692 0.057831
0 0.693510 0.259036 0.045673 0.055422
0 0.379808 0.303614 0.038462 0.053012
0 0.356971 0.383133 0.093750 0.096386
0 0.902644 0.074699 0.093750 0.110843
0 0.543269 0.078313 0.057692 0.069880
0 0.353365 0.057831 0.067308 0.072289
0 0.786058 0.036145 0.048077 0.057831
0 0.693510 0.061446 0.045673 0.055422
0 0.381010 0.021687 0.040865 0.043373
