0 0.042067 0.408434 0.045673 0.074699
0 0.181490 0.468675 0.060096 0.074699
0 0.859375 0.460241 0.060096 0.053012
0 0.179087 0.209639 0.040865 0.053012
0 0.215144 0.365060 0.045673 0.060241
0 0.832933 0.318072 0.045673 0.053012
0 0.963942 0.302410 0.062500 0.055422
0 0.228365 0.204819 0.038462 0.048193
0 0.391827 0.245783 0.048077 0.053012
1 0.647837 0.380723 0.045673 0.053012
1 0.837740 0.610843 0.060096 0.045783
1 0.706731 0.248193 0.048077 0.048193
0 0.179087 0.122892 0.040865 0.053012
0 0.831731 0.021687 0.048077 0.043373
0 0.963942 0.032530 0.062500 0.055422
0 0.228365 0.127711 0.038462 0.048193
0 0.391827 0.086747 0.048077 0.053012
1 0.706731 0.084337 0.048077 0.048193
