0 0.766827 0.314904 0.052885 0.057692
1 0.783654 0.387019 0.072115 0.091346
1 0.251202 0.353365 0.064904 0.100962
1 0.170673 0.393029 0.100962 0.117788
1 0.882212 0.350962 0.057692 0.062500
1 0.715144 0.346154 0.050481 0.062500
1 0.961538 0.474760 0.057692 0.132212
1 0.967548 0.341346 0.045673 0.057692
1 0.939904 0.330529 0.038462 0.045673
0 0.768029 0.028846 0.055288 0.057692
1 0.250000 0.020433 0.067308 0.040865
1 0.883413 0.012019 0.060096 0.024038
1 0.713942 0.014423 0.052885 0.028846
1 0.966346 0.015625 0.048077 0.031250
1 0.941106 0.018029 0.040865 0.036058
