1 0.546875 0.383413 0.079327 0.093750
1 0.293269 0.350962 0.110577 0.129808
1 0.796875 0.354567 0.112981 0.132212
1 0.085337 0.364183 0.050481 0.055288
1 0.697115 0.367788 0.043269 0.057692
1 0.662260 0.354567 0.031250 0.045673
1 0.015625 0.368990 0.026442 0.050481
1 0.045673 0.367788 0.033654 0.043269
1 0.545673 0.039663 0.081731 0.079327
1 0.294471 0.064904 0.112981 0.129808
1 0.795673 0.063702 0.115385 0.127404
1 0.085337 0.051683 0.050481 0.055288
1 0.697115 0.045673 0.043269 0.057692
1 0.662260 0.061298 0.031250 0.045673
1 0.015625 0.046875 0.026442 0.050481
1 0.045673 0.045673 0.033654 0.043269
