0 0.284856 0.414663 0.060096 0.074519
0 0.276442 0.334135 0.048077 0.057692
0 0.387019 0.329327 0.052885 0.062500
0 0.399038 0.424279 0.057692 0.069712
0 0.520433 0.419471 0.060096 0.079327
0 0.653846 0.407452 0.062500 0.084135
0 0.764423 0.413462 0.057692 0.086538
0 0.510817 0.312500 0.045673 0.067308
0 0.618990 0.324519 0.050481 0.062500
0 0.727163 0.340144 0.055288 0.064904
0 0.831731 0.342548 0.052885 0.069712
0 0.897837 0.389423 0.074519 0.076923
0 0.277644 0.012019 0.050481 0.024038
0 0.388221 0.015625 0.055288 0.031250
0 0.509615 0.025240 0.048077 0.050481
0 0.617788 0.018029 0.052885 0.036058
0 0.725962 0.010817 0.057692 0.021635
0 0.832933 0.010817 0.055288 0.021635
