1 0.200721 0.320913 0.069712 0.079327
1 0.734375 0.308894 0.064904 0.084135
1 0.496394 0.508413 0.060096 0.079327
1 0.679087 0.322115 0.050481 0.067308
1 0.968750 0.269231 0.057692 0.129808
1 0.342548 0.323317 0.060096 0.064904
1 0.879808 0.311298 0.062500 0.069712
1 0.042067 0.372596 0.040865 0.052885
1 0.614183 0.350962 0.045673 0.067308
1 0.401442 0.338942 0.038462 0.052885
1 0.199519 0.026442 0.072115 0.052885
1 0.733173 0.033654 0.067308 0.067308
1 0.677885 0.022837 0.052885 0.045673
1 0.969952 0.064904 0.060096 0.129808
1 0.341346 0.021635 0.062500 0.043269
1 0.881010 0.028846 0.064904 0.057692
1 0.612981 0.008413 0.048077 0.016827
1 0.402644 0.010817 0.040865 0.021635
