0 0.143029 0.493976 0.045673 0.057831
0 0.168269 0.290361 0.028846 0.040964
0 0.474760 0.200000 0.031250 0.038554
0 0.237981 0.384337 0.043269 0.045783
0 0.331731 0.306024 0.033654 0.043373
0 0.514423 0.384337 0.038462 0.040964
0 0.971154 0.620482 0.048077 0.055422
0 0.933894 0.457831 0.040865 0.053012
0 0.638221 0.386747 0.036058 0.040964
0 0.671875 0.303614 0.036058 0.043373
0 0.533654 0.356627 0.033654 0.038554
0 0.168269 0.044578 0.028846 0.040964
0 0.474760 0.132530 0.031250 0.038554
0 0.331731 0.026506 0.033654 0.043373
0 0.671875 0.028916 0.036058 0.043373
