0 0.250000 0.456627 0.158654 0.146988
0 0.614183 0.740964 0.175481 0.175904
0 0.733173 0.424096 0.163462 0.154217
0 0.850962 0.283133 0.153846 0.185542
0 0.633413 0.574699 0.146635 0.146988
0 0.948317 0.404819 0.098558 0.173494
0 0.688702 0.322892 0.132212 0.144578
0 0.283654 0.649398 0.173077 0.151807
0 0.944712 0.648193 0.105769 0.192771
1 0.435096 0.485542 0.139423 0.127711
1 0.768029 0.661446 0.141827 0.156627
0 0.612981 0.918072 0.177885 0.159036
0 0.852163 0.072289 0.156250 0.144578
0 0.687500 0.042169 0.134615 0.084337
0 0.284856 0.969880 0.175481 0.055422
0 0.945913 0.960241 0.108173 0.074699
1 0.766827 0.962651 0.144231 0.069880
