0 0.087740 0.337740 0.045673 0.055288
1 0.183894 0.318510 0.050481 0.050481
1 0.305288 0.306490 0.057692 0.060096
1 0.233173 0.330529 0.038462 0.045673
1 0.420673 0.330529 0.043269 0.045673
1 0.474760 0.338942 0.031250 0.033654
1 0.572115 0.283654 0.081731 0.086538
1 0.611779 0.295673 0.040865 0.048077
1 0.875000 0.337740 0.110577 0.112981
0 0.086538 0.016827 0.048077 0.033654
1 0.182692 0.025240 0.052885 0.050481
1 0.305288 0.037260 0.057692 0.060096
1 0.234375 0.018029 0.040865 0.036058
1 0.421875 0.018029 0.045673 0.036058
1 0.473558 0.010817 0.033654 0.021635
1 0.572115 0.057692 0.081731 0.086538
1 0.611779 0.045673 0.040865 0.048077
1 0.876202 0.031250 0.112981 0.062500
