1 0.173077 0.353012 0.105769 0.113253
1 0.866587 0.365060 0.064904 0.089157
1 0.567308 0.343373 0.081731 0.108434
1 0.347356 0.332530 0.093750 0.106024
1 0.740385 0.320482 0.105769 0.134940
1 0.962740 0.345783 0.055288 0.089157
1 0.518029 0.375904 0.040865 0.067470
1 0.621394 0.356627 0.040865 0.067470
1 0.096154 0.373494 0.048077 0.067470
1 0.246394 0.372289 0.031250 0.045783
1 0.027644 0.386747 0.050481 0.069880
1 0.467548 0.378313 0.031250 0.038554
1 0.650240 0.369880 0.040865 0.055422
1 0.419471 0.393976 0.040865 0.050602
1 0.396635 0.354217 0.033654 0.057831
1 0.980769 0.309639 0.028846 0.127711
1 0.174279 0.019277 0.108173 0.038554
1 0.568510 0.022892 0.084135 0.045783
1 0.346154 0.027711 0.096154 0.055422
1 0.741587 0.040964 0.108173 0.081928
1 0.961538 0.016867 0.057692 0.033735
1 0.981971 0.044578 0.031250 0.089157
