0 0.903846 0.315663 0.062500 0.077108
0 0.364183 0.325301 0.055288 0.077108
0 0.091346 0.333735 0.052885 0.069880
0 0.516827 0.320482 0.048077 0.072289
0 0.681490 0.325301 0.045673 0.072289
0 0.213942 0.351807 0.057692 0.067470
0 0.454327 0.345783 0.033654 0.060241
1 0.769231 0.339759 0.038462 0.057831
0 0.716346 0.346988 0.033654 0.048193
0 0.572115 0.337349 0.033654 0.053012
0 0.600962 0.348193 0.028846 0.045783
0 0.633413 0.345783 0.036058 0.055422
0 0.253606 0.337349 0.026442 0.057831
0 0.310096 0.340964 0.028846 0.040964
0 0.905048 0.028916 0.064904 0.057831
0 0.362981 0.024096 0.057692 0.048193
0 0.092548 0.018072 0.055288 0.036145
0 0.518029 0.025301 0.050481 0.050602
0 0.680288 0.022892 0.048077 0.045783
0 0.215144 0.008434 0.060096 0.016867
0 0.455529 0.009639 0.036058 0.019277
1 0.770433 0.012048 0.040865 0.024096
0 0.717548 0.006024 0.036058 0.012048
0 0.573317 0.012048 0.036058 0.024096
0 0.602163 0.004819 0.031250 0.009639
0 0.632212 0.008434 0.038462 0.016867
0 0.252404 0.013253 0.028846 0.026506
0 0.311298 0.007229 0.031250 0.014458
