0 0.710337 0.310843 0.064904 0.081928
1 0.838942 0.313253 0.067308 0.077108
1 0.465144 0.324096 0.064904 0.079518
1 0.306490 0.308434 0.064904 0.086747
1 0.620192 0.337349 0.057692 0.067470
1 0.134615 0.296386 0.072115 0.081928
1 0.353365 0.312048 0.057692 0.084337
1 0.221154 0.331325 0.043269 0.055422
1 0.068510 0.350602 0.045673 0.069880
0 0.709135 0.032530 0.067308 0.065060
1 0.840144 0.030120 0.069712 0.060241
1 0.463942 0.025301 0.067308 0.050602
1 0.305288 0.034940 0.067308 0.069880
1 0.621394 0.015663 0.060096 0.031325
1 0.135817 0.039759 0.074519 0.079518
1 0.354567 0.032530 0.060096 0.065060
1 0.222356 0.015663 0.045673 0.031325
1 0.067308 0.009639 0.048077 0.019277
