0 0.790865 0.286747 0.057692 0.057831
0 0.118990 0.483133 0.040865 0.055422
0 0.456731 0.548193 0.048077 0.050602
0 0.471154 0.521687 0.048077 0.045783
0 0.843750 0.320482 0.028846 0.038554
0 0.739183 0.431325 0.045673 0.038554
0 0.552885 0.340964 0.014423 0.016867
0 0.490385 0.344578 0.019231 0.019277
0 0.513221 0.337349 0.016827 0.019277
0 0.531250 0.343373 0.014423 0.016867
2 0.122596 0.578313 0.086538 0.236145
2 0.445913 0.675904 0.194712 0.262651
2 0.798077 0.427711 0.067308 0.330120
2 0.794471 0.484337 0.146635 0.154217
2 0.854567 0.393976 0.045673 0.171084
2 0.495192 0.566265 0.081731 0.130120
2 0.493990 0.380723 0.021635 0.086747
2 0.558894 0.378313 0.026442 0.096386
2 0.532452 0.378313 0.021635 0.091566
2 0.513221 0.377108 0.021635 0.098795
0 0.790865 0.045783 0.057692 0.057831
0 0.844952 0.016867 0.031250 0.033735
0 0.512019 0.003614 0.019231 0.007229
2 0.444712 0.928916 0.197115 0.137349
2 0.799279 0.036145 0.069712 0.072289
