1 0.258413 0.336145 0.064904 0.074699
1 0.709135 0.319277 0.062500 0.069880
1 0.195913 0.356627 0.069712 0.081928
1 0.609375 0.315663 0.064904 0.086747
1 0.503606 0.278313 0.055288 0.074699
1 0.881010 0.325301 0.069712 0.091566
1 0.081731 0.331325 0.057692 0.074699
1 0.843750 0.285542 0.052885 0.069880
1 0.377404 0.332530 0.052885 0.072289
1 0.432692 0.333735 0.048077 0.060241
1 0.295673 0.351807 0.028846 0.057831
1 0.257212 0.013253 0.067308 0.026506
1 0.710337 0.020482 0.064904 0.040964
1 0.608173 0.026506 0.067308 0.053012
1 0.503606 0.046988 0.055288 0.074699
1 0.879808 0.022892 0.072115 0.045783
1 0.082933 0.015663 0.060096 0.031325
1 0.843750 0.039759 0.052885 0.069880
1 0.378606 0.014458 0.055288 0.028916
1 0.433894 0.010843 0.050481 0.021687
