0 0.443510 0.213253 0.079327 0.098795
0 0.812500 0.273494 0.076923 0.089157
0 0.626202 0.273494 0.060096 0.079518
0 0.725962 0.338554 0.081731 0.103614
1 0.129808 0.220482 0.081731 0.084337
1 0.247596 0.295181 0.043269 0.055422
1 0.283654 0.269880 0.043269 0.053012
1 0.341346 0.310843 0.033654 0.043373
0 0.443510 0.097590 0.079327 0.098795
0 0.813702 0.040964 0.079327 0.081928
0 0.625000 0.038554 0.062500 0.077108
0 0.727163 0.012048 0.084135 0.024096
1 0.129808 0.090361 0.081731 0.084337
1 0.248798 0.021687 0.045673 0.043373
1 0.283654 0.038554 0.043269 0.053012
1 0.342548 0.010843 0.036058 0.021687
