0 0.521635 0.315663 0.081731 0.115663
0 0.133413 0.321687 0.084135 0.113253
0 0.763221 0.326506 0.103365 0.137349
0 0.239183 0.316867 0.098558 0.137349
0 0.432692 0.351807 0.052885 0.062651
1 0.329327 0.349398 0.067308 0.091566
0 0.581731 0.345783 0.052885 0.079518
0 0.021635 0.407229 0.024038 0.038554
0 0.945913 0.437349 0.036058 0.050602
0 0.522837 0.057831 0.084135 0.115663
0 0.132212 0.054217 0.086538 0.108434
0 0.762019 0.057831 0.105769 0.115663
0 0.237981 0.062651 0.100962 0.125301
0 0.433894 0.026506 0.055288 0.053012
1 0.330529 0.034940 0.069712 0.069880
0 0.582933 0.033735 0.055288 0.067470
