1 0.082933 0.379518 0.064904 0.065060
1 0.111779 0.409639 0.036058 0.043373
1 0.144231 0.409639 0.028846 0.038554
1 0.230769 0.380723 0.043269 0.048193
0 0.264423 0.392771 0.033654 0.048193
1 0.328125 0.398795 0.031250 0.050602
1 0.353365 0.396386 0.033654 0.036145
1 0.437500 0.389157 0.028846 0.036145
1 0.466346 0.400000 0.028846 0.033735
1 0.530048 0.398795 0.036058 0.036145
1 0.561298 0.413253 0.026442 0.036145
1 0.597356 0.415663 0.026442 0.036145
1 0.697115 0.410843 0.024038 0.036145
1 0.848558 0.383133 0.028846 0.038554
1 0.823317 0.385542 0.021635 0.028916
1 0.082933 0.075904 0.064904 0.065060
1 0.111779 0.043373 0.036058 0.043373
1 0.144231 0.043373 0.028846 0.038554
1 0.230769 0.072289 0.043269 0.048193
0 0.264423 0.060241 0.033654 0.048193
1 0.328125 0.056627 0.031250 0.050602
1 0.353365 0.059036 0.033654 0.036145
1 0.437500 0.066265 0.028846 0.036145
1 0.466346 0.053012 0.028846 0.033735
1 0.530048 0.056627 0.036058 0.036145
1 0.561298 0.042169 0.026442 0.036145
1 0.597356 0.039759 0.026442 0.036145
1 0.697115 0.044578 0.024038 0.036145
1 0.848558 0.069880 0.028846 0.038554
1 0.823317 0.067470 0.021635 0.028916
