1 0.835337 0.368990 0.060096 0.064904
1 0.225962 0.378606 0.048077 0.069712
1 0.621394 0.367788 0.055288 0.062500
1 0.384615 0.364183 0.048077 0.060096
1 0.551683 0.384615 0.050481 0.057692
1 0.474760 0.371394 0.050481 0.064904
1 0.137019 0.378606 0.052885 0.064904
1 0.310096 0.360577 0.052885 0.062500
1 0.741587 0.384615 0.050481 0.057692
1 0.689904 0.370192 0.052885 0.067308
1 0.834135 0.020433 0.062500 0.040865
1 0.227163 0.016827 0.050481 0.033654
1 0.620192 0.020433 0.057692 0.040865
1 0.385817 0.021635 0.050481 0.043269
1 0.550481 0.010817 0.052885 0.021635
1 0.473558 0.019231 0.052885 0.038462
1 0.138221 0.015625 0.055288 0.031250
1 0.311298 0.024038 0.055288 0.048077
1 0.740385 0.010817 0.052885 0.021635
1 0.691106 0.020433 0.055288 0.040865
