0 0.080529 0.653012 0.122596 0.125301
0 0.430288 0.616867 0.096154 0.106024
0 0.200721 0.361446 0.040865 0.038554
0 0.420673 0.503614 0.048077 0.043373
0 0.530048 0.398795 0.045673 0.045783
0 0.451923 0.390361 0.038462 0.033735
0 0.153846 0.333735 0.038462 0.031325
0 0.186298 0.310843 0.026442 0.033735
0 0.566106 0.390361 0.031250 0.033735
0 0.015625 0.246988 0.026442 0.055422
0 0.170673 0.224096 0.028846 0.024096
0 0.527644 0.330120 0.026442 0.024096
0 0.617788 0.406024 0.038462 0.040964
0 0.771635 0.408434 0.057692 0.055422
0 0.007212 0.363855 0.009615 0.057831
0 0.079327 0.971084 0.125000 0.053012
0 0.155048 0.013253 0.040865 0.026506
0 0.186298 0.031325 0.026442 0.033735
0 0.015625 0.097590 0.026442 0.055422
0 0.170673 0.118072 0.028846 0.024096
0 0.527644 0.012048 0.026442 0.024096
0 0.008413 0.004819 0.012019 0.009639
