0 0.135817 0.367470 0.127404 0.156627
0 0.272837 0.360241 0.117788 0.142169
0 0.431490 0.387952 0.108173 0.134940
0 0.467548 0.324096 0.074519 0.108434
0 0.784856 0.334940 0.103365 0.149398
0 0.723558 0.379518 0.081731 0.098795
1 0.556490 0.356627 0.117788 0.154217
1 0.954327 0.342169 0.067308 0.106024
0 0.873798 0.343373 0.055288 0.093976
0 0.134615 0.020482 0.129808 0.040964
0 0.271635 0.020482 0.120192 0.040964
0 0.466346 0.030120 0.076923 0.060241
0 0.783654 0.034940 0.105769 0.069880
1 0.555288 0.025301 0.120192 0.050602
1 0.955529 0.020482 0.069712 0.040964
0 0.872596 0.016867 0.057692 0.033735
