0 0.203125 0.439904 0.055288 0.072115
0 0.556490 0.444712 0.045673 0.067308
0 0.331731 0.454327 0.052885 0.067308
0 0.133413 0.448317 0.045673 0.060096
0 0.025240 0.461538 0.045673 0.076923
0 0.299279 0.457933 0.031250 0.055288
0 0.439904 0.451923 0.043269 0.062500
0 0.479567 0.453125 0.031250 0.045673
0 0.520433 0.441106 0.026442 0.045673
0 0.635817 0.429087 0.050481 0.069712
0 0.889423 0.445913 0.048077 0.060096
0 0.838942 0.448317 0.033654 0.050481
0 0.735577 0.442308 0.033654 0.048077
0 0.700721 0.447115 0.036058 0.048077
0 0.671875 0.444712 0.026442 0.048077
