0 0.189904 0.568675 0.052885 0.057831
0 0.493990 0.536145 0.026442 0.031325
0 0.382212 0.542169 0.033654 0.033735
0 0.558894 0.560241 0.026442 0.031325
0 0.442308 0.565060 0.033654 0.021687
0 0.645433 0.534940 0.031250 0.043373
0 0.612981 0.546988 0.033654 0.043373
0 0.766827 0.538554 0.033654 0.045783
0 0.879808 0.534940 0.033654 0.043373
0 0.923077 0.528916 0.038462 0.045783
0 0.734375 0.536145 0.036058 0.045783
0 0.712740 0.540964 0.026442 0.036145
0 0.819712 0.531325 0.024038 0.040964
0 0.838942 0.542169 0.019231 0.033735
0 0.986779 0.538554 0.021635 0.031325
0 0.790865 0.526506 0.028846 0.036145
0 0.695913 0.538554 0.016827 0.031325
0 0.522837 0.543373 0.026442 0.026506
