1 0.835337 0.431325 0.084135 0.081928
1 0.739183 0.372289 0.055288 0.074699
1 0.192308 0.369880 0.120192 0.122892
1 0.468750 0.393976 0.057692 0.065060
1 0.312500 0.396386 0.052885 0.065060
1 0.790865 0.396386 0.052885 0.065060
1 0.134615 0.340964 0.052885 0.093976
1 0.385817 0.420482 0.031250 0.045783
1 0.537260 0.407229 0.040865 0.057831
1 0.610577 0.421687 0.072115 0.081928
1 0.581731 0.381928 0.057692 0.069880
1 0.658654 0.419277 0.033654 0.043373
1 0.193510 0.013253 0.122596 0.026506
1 0.135817 0.020482 0.055288 0.040964
