0 0.145433 0.330529 0.069712 0.069712
0 0.046875 0.203125 0.069712 0.069712
0 0.918269 0.276442 0.076923 0.081731
0 0.522837 0.316106 0.069712 0.060096
0 0.527644 0.230769 0.064904 0.072115
0 0.349760 0.343750 0.069712 0.067308
0 0.281250 0.312500 0.081731 0.076923
0 0.312500 0.259615 0.072115 0.072115
0 0.401442 0.251202 0.091346 0.079327
0 0.144231 0.019231 0.072115 0.038462
0 0.046875 0.131010 0.069712 0.069712
0 0.918269 0.055288 0.076923 0.081731
0 0.521635 0.024038 0.072115 0.048077
0 0.527644 0.100962 0.064904 0.072115
0 0.348558 0.012019 0.072115 0.024038
0 0.282452 0.030048 0.084135 0.060096
0 0.312500 0.072115 0.072115 0.072115
0 0.401442 0.082933 0.091346 0.079327
