1 0.967548 0.428916 0.060096 0.077108
1 0.079327 0.424096 0.067308 0.072289
1 0.596154 0.430120 0.052885 0.065060
1 0.203125 0.440964 0.045673 0.062651
1 0.326923 0.449398 0.033654 0.040964
1 0.021635 0.462651 0.038462 0.057831
1 0.152644 0.468675 0.050481 0.055422
1 0.264423 0.454217 0.038462 0.055422
1 0.397837 0.445783 0.045673 0.053012
1 0.433894 0.440964 0.036058 0.043373
1 0.504808 0.440964 0.038462 0.053012
1 0.534856 0.449398 0.031250 0.040964
1 0.691106 0.449398 0.050481 0.060241
1 0.663462 0.434940 0.033654 0.055422
1 0.740385 0.446988 0.033654 0.045783
1 0.823317 0.424096 0.050481 0.057831
