0 0.385817 0.587952 0.060096 0.062651
0 0.912260 0.587952 0.064904 0.062651
0 0.126202 0.580723 0.069712 0.053012
0 0.717548 0.600000 0.060096 0.062651
0 0.852163 0.615663 0.084135 0.074699
0 0.274038 0.622892 0.057692 0.055422
0 0.783654 0.630120 0.033654 0.050602
0 0.766827 0.545783 0.033654 0.040964
0 0.687500 0.555422 0.038462 0.031325
0 0.384615 0.971084 0.062500 0.053012
0 0.911058 0.971084 0.067308 0.053012
0 0.125000 0.977108 0.072115 0.040964
0 0.717548 0.963855 0.060096 0.062651
0 0.852163 0.950602 0.084135 0.074699
0 0.274038 0.943373 0.057692 0.055422
0 0.783654 0.936145 0.033654 0.050602
