0 0.165865 0.395181 0.115385 0.207229
0 0.320913 0.327711 0.069712 0.106024
0 0.203125 0.327711 0.055288 0.081928
0 0.078125 0.339759 0.151442 0.346988
1 0.731971 0.389157 0.064904 0.084337
1 0.617788 0.339759 0.072115 0.091566
1 0.543269 0.346988 0.076923 0.106024
1 0.855769 0.374699 0.067308 0.084337
1 0.395433 0.300000 0.098558 0.122892
1 0.967548 0.383133 0.060096 0.072289
1 0.917067 0.373494 0.045673 0.062651
1 0.450721 0.332530 0.045673 0.086747
1 0.842548 0.338554 0.060096 0.074699
1 0.673077 0.379518 0.033654 0.055422
0 0.319712 0.027711 0.072115 0.055422
0 0.201923 0.021687 0.057692 0.043373
0 0.076923 0.081928 0.153846 0.163855
1 0.618990 0.018072 0.074519 0.036145
1 0.544471 0.018072 0.079327 0.036145
1 0.394231 0.045783 0.100962 0.091566
1 0.449519 0.020482 0.048077 0.040964
1 0.841346 0.014458 0.062500 0.028916
