0 0.298077 0.444578 0.052885 0.069880
1 0.734375 0.437349 0.050481 0.079518
1 0.794471 0.412048 0.060096 0.077108
1 0.611779 0.438554 0.050481 0.067470
1 0.082933 0.471084 0.055288 0.060241
1 0.530048 0.436145 0.045673 0.057831
1 0.252404 0.481928 0.048077 0.053012
1 0.379808 0.495181 0.038462 0.050602
1 0.424279 0.481928 0.040865 0.062651
0 0.477163 0.434940 0.031250 0.045783
0 0.299279 0.015663 0.055288 0.031325
1 0.733173 0.021687 0.052885 0.043373
1 0.793269 0.033735 0.062500 0.067470
1 0.610577 0.018072 0.052885 0.036145
1 0.528846 0.016867 0.048077 0.033735
0 0.475962 0.014458 0.033654 0.028916
