1 0.173077 0.376202 0.076923 0.084135
1 0.072115 0.338942 0.067308 0.062500
1 0.713942 0.314904 0.072115 0.076923
1 0.231971 0.326923 0.060096 0.076923
1 0.924279 0.427885 0.117788 0.144231
1 0.855769 0.338942 0.057692 0.057692
1 0.796875 0.364183 0.079327 0.103365
1 0.038462 0.409856 0.072115 0.117788
1 0.093750 0.395433 0.067308 0.117788
1 0.485577 0.310096 0.052885 0.057692
1 0.747596 0.360577 0.043269 0.096154
1 0.173077 0.058894 0.076923 0.084135
1 0.072115 0.093750 0.067308 0.062500
1 0.713942 0.117788 0.072115 0.076923
1 0.231971 0.105769 0.060096 0.076923
1 0.923077 0.039663 0.120192 0.079327
1 0.855769 0.093750 0.057692 0.057692
1 0.796875 0.070913 0.079327 0.103365
1 0.039663 0.042067 0.074519 0.084135
1 0.094952 0.049279 0.069712 0.098558
1 0.485577 0.122596 0.052885 0.057692
1 0.747596 0.072115 0.043269 0.096154
