0 0.200721 0.389157 0.141827 0.180723
0 0.271635 0.445783 0.072115 0.081928
0 0.360577 0.418072 0.100962 0.098795
0 0.436298 0.437349 0.040865 0.055422
0 0.481971 0.428916 0.055288 0.062651
0 0.537260 0.431325 0.064904 0.086747
0 0.776442 0.425301 0.057692 0.079518
0 0.751202 0.434940 0.036058 0.050602
0 0.826923 0.385542 0.096154 0.125301
0 0.902644 0.389157 0.074519 0.103614
0 0.936298 0.416867 0.036058 0.057831
0 0.199519 0.071084 0.144231 0.142169
0 0.272837 0.018072 0.074519 0.036145
0 0.361779 0.036145 0.103365 0.072289
0 0.435096 0.015663 0.043269 0.031325
0 0.480769 0.021687 0.057692 0.043373
0 0.536058 0.026506 0.067308 0.053012
0 0.777644 0.027711 0.060096 0.055422
0 0.750000 0.015663 0.038462 0.031325
0 0.828125 0.059036 0.098558 0.118072
0 0.901442 0.051807 0.076923 0.103614
0 0.935096 0.026506 0.038462 0.053012
