1 0.734375 0.275904 0.079327 0.079518
1 0.588942 0.291566 0.072115 0.096386
1 0.900240 0.309639 0.098558 0.122892
1 0.509615 0.303614 0.057692 0.072289
1 0.852163 0.300000 0.064904 0.103614
1 0.724760 0.359036 0.084135 0.110843
1 0.435096 0.320482 0.052885 0.067470
1 0.352163 0.315663 0.060096 0.057831
1 0.175481 0.326506 0.038462 0.065060
1 0.270433 0.333735 0.045673 0.065060
1 0.055288 0.308434 0.048077 0.057831
1 0.099760 0.334940 0.036058 0.048193
1 0.151442 0.321687 0.028846 0.055422
1 0.567308 0.339759 0.043269 0.062651
1 0.641827 0.301205 0.043269 0.077108
1 0.734375 0.059036 0.079327 0.079518
1 0.590144 0.045783 0.074519 0.091566
1 0.899038 0.043373 0.100962 0.086747
1 0.510817 0.033735 0.060096 0.067470
1 0.850962 0.043373 0.067308 0.086747
1 0.723558 0.015663 0.086538 0.031325
1 0.436298 0.024096 0.055288 0.048193
1 0.350962 0.024096 0.062500 0.048193
1 0.176683 0.020482 0.040865 0.040964
1 0.269231 0.016867 0.048077 0.033735
1 0.056490 0.027711 0.050481 0.055422
1 0.098558 0.012048 0.038462 0.024096
1 0.152644 0.020482 0.031250 0.040964
1 0.568510 0.013253 0.045673 0.026506
1 0.643029 0.036145 0.045673 0.072289
