0 0.806490 0.336538 0.074519 0.076923
0 0.945913 0.504808 0.084135 0.067308
0 0.486779 0.334135 0.050481 0.052885
0 0.405048 0.426683 0.060096 0.050481
0 0.748798 0.370192 0.084135 0.081731
0 0.961538 0.439904 0.062500 0.067308
0 0.223558 0.454327 0.043269 0.033654
0 0.175481 0.443510 0.038462 0.040865
0 0.468750 0.414663 0.033654 0.045673
0 0.770433 0.426683 0.050481 0.060096
0 0.266827 0.353365 0.033654 0.033654
0 0.217548 0.358173 0.036058 0.028846
0 0.127404 0.443510 0.038462 0.036058
0 0.593750 0.417067 0.048077 0.050481
0 0.246394 0.427885 0.036058 0.033654
0 0.307692 0.412260 0.028846 0.031250
0 0.806490 0.105769 0.074519 0.076923
0 0.486779 0.108173 0.050481 0.052885
0 0.403846 0.021635 0.062500 0.043269
0 0.748798 0.072115 0.084135 0.081731
0 0.962740 0.019231 0.064904 0.038462
0 0.224760 0.003606 0.045673 0.007212
0 0.176683 0.010817 0.040865 0.021635
0 0.468750 0.030048 0.033654 0.045673
0 0.769231 0.024038 0.052885 0.048077
0 0.266827 0.088942 0.033654 0.033654
0 0.217548 0.084135 0.036058 0.028846
0 0.128606 0.009615 0.040865 0.019231
0 0.593750 0.027644 0.048077 0.050481
0 0.245192 0.016827 0.038462 0.033654
0 0.307692 0.032452 0.028846 0.031250
