0 0.280048 0.289157 0.060096 0.077108
0 0.759615 0.348193 0.115385 0.132530
0 0.447115 0.363855 0.110577 0.149398
0 0.105769 0.354217 0.105769 0.125301
0 0.215144 0.385542 0.112981 0.130120
0 0.521635 0.214458 0.062500 0.048193
1 0.558894 0.359036 0.079327 0.091566
0 0.280048 0.091566 0.060096 0.077108
0 0.760817 0.050602 0.117788 0.101205
0 0.448317 0.046988 0.112981 0.093976
0 0.106971 0.045783 0.108173 0.091566
0 0.213942 0.031325 0.115385 0.062651
0 0.521635 0.166265 0.062500 0.048193
1 0.557692 0.034940 0.081731 0.069880
