0 0.282452 0.504808 0.050481 0.076923
0 0.808894 0.508413 0.060096 0.064904
0 0.520433 0.483173 0.045673 0.072115
0 0.384615 0.501202 0.048077 0.064904
0 0.646635 0.478365 0.052885 0.067308
0 0.581731 0.493990 0.048077 0.069712
0 0.716346 0.367788 0.057692 0.072115
0 0.615385 0.352163 0.052885 0.069712
0 0.472356 0.496394 0.045673 0.069712
0 0.524038 0.237981 0.048077 0.072115
0 0.746394 0.513221 0.055288 0.069712
0 0.153846 0.492788 0.057692 0.062500
0 0.211538 0.472356 0.048077 0.055288
0 0.245192 0.429087 0.038462 0.060096
0 0.355769 0.381010 0.043269 0.074519
0 0.462740 0.365385 0.036058 0.062500
0 0.525240 0.025240 0.050481 0.050481
