0 0.562500 0.548077 0.048077 0.067308
0 0.133413 0.564904 0.040865 0.048077
0 0.054087 0.542067 0.036058 0.036058
0 0.082933 0.562500 0.036058 0.048077
0 0.227163 0.558894 0.031250 0.045673
0 0.276442 0.550481 0.033654 0.048077
0 0.316106 0.569712 0.045673 0.057692
0 0.397837 0.546875 0.045673 0.055288
0 0.520433 0.566106 0.036058 0.050481
0 0.493990 0.551683 0.031250 0.045673
0 0.638221 0.549279 0.036058 0.045673
0 0.677885 0.549279 0.033654 0.050481
0 0.719952 0.562500 0.040865 0.052885
1 0.936298 0.599760 0.069712 0.069712
0 0.800481 0.543269 0.048077 0.052885
0 0.899038 0.542067 0.033654 0.045673
0 0.968750 0.548077 0.048077 0.057692
