0 0.118990 0.679518 0.060096 0.043373
0 0.266827 0.618072 0.057692 0.069880
0 0.679087 0.613253 0.045673 0.045783
0 0.975962 0.604819 0.043269 0.072289
0 0.283654 0.274699 0.043269 0.053012
0 0.500000 0.280723 0.038462 0.040964
0 0.568510 0.318072 0.036058 0.043373
0 0.719952 0.419277 0.026442 0.028916
0 0.668269 0.462651 0.028846 0.033735
1 0.405048 0.200000 0.055288 0.057831
0 0.117788 0.983133 0.062500 0.028916
0 0.283654 0.057831 0.043269 0.053012
0 0.500000 0.054217 0.038462 0.040964
0 0.567308 0.019277 0.038462 0.038554
1 0.405048 0.132530 0.055288 0.057831
