0 0.719952 0.296875 0.088942 0.098558
1 0.444712 0.266827 0.067308 0.100962
1 0.298077 0.276442 0.067308 0.096154
1 0.919471 0.277644 0.093750 0.112981
1 0.156250 0.245192 0.096154 0.129808
1 0.558894 0.260817 0.079327 0.103365
1 0.876202 0.277644 0.064904 0.093750
1 0.507212 0.276442 0.057692 0.076923
1 0.217548 0.287260 0.060096 0.084135
1 0.445913 0.020433 0.069712 0.040865
1 0.299279 0.014423 0.069712 0.028846
1 0.918269 0.018029 0.096154 0.036058
1 0.157452 0.038462 0.098558 0.076923
1 0.557692 0.024038 0.081731 0.048077
1 0.875000 0.013221 0.067308 0.026442
1 0.508413 0.009615 0.060096 0.019231
