0 0.730769 0.629808 0.057692 0.072115
0 0.560096 0.506010 0.038462 0.050481
0 0.615385 0.486779 0.038462 0.045673
1 0.031250 0.635817 0.043269 0.045673
1 0.123798 0.633413 0.045673 0.050481
1 0.194712 0.584135 0.043269 0.043269
1 0.409856 0.385817 0.026442 0.026442
1 0.375000 0.534856 0.033654 0.036058
1 0.828125 0.475962 0.036058 0.038462
1 0.252404 0.548077 0.033654 0.033654
1 0.215144 0.531250 0.036058 0.038462
1 0.320913 0.539663 0.036058 0.040865
1 0.284856 0.508413 0.040865 0.036058
1 0.424279 0.514423 0.040865 0.033654
1 0.387019 0.484375 0.038462 0.040865
1 0.451923 0.461538 0.033654 0.033654
1 0.562500 0.427885 0.033654 0.038462
1 0.662260 0.399038 0.031250 0.033654
1 0.340144 0.515625 0.031250 0.040865
1 0.199519 0.356971 0.024038 0.031250
