0 0.593750 0.332530 0.062500 0.081928
0 0.775240 0.303614 0.079327 0.077108
0 0.728365 0.340964 0.062500 0.103614
0 0.450721 0.374699 0.050481 0.065060
0 0.362981 0.391566 0.052885 0.055422
0 0.335337 0.416867 0.036058 0.038554
0 0.311298 0.393976 0.031250 0.026506
0 0.133413 0.402410 0.036058 0.033735
0 0.019231 0.200000 0.033654 0.067470
0 0.221154 0.414458 0.028846 0.038554
0 0.245192 0.419277 0.024038 0.033735
0 0.594952 0.021687 0.064904 0.043373
0 0.774038 0.034940 0.081731 0.069880
0 0.729567 0.022892 0.064904 0.045783
0 0.019231 0.132530 0.033654 0.067470
