0 0.155048 0.375904 0.069712 0.086747
0 0.239183 0.371084 0.141827 0.187952
0 0.750000 0.345783 0.158654 0.185542
0 0.480769 0.375904 0.110577 0.130120
0 0.314904 0.363855 0.076923 0.125301
0 0.057692 0.349398 0.115385 0.332530
0 0.679087 0.360241 0.060096 0.127711
1 0.926683 0.344578 0.093750 0.106024
0 0.237981 0.031325 0.144231 0.062651
0 0.751202 0.043373 0.161058 0.086747
0 0.481971 0.014458 0.112981 0.028916
0 0.316106 0.019277 0.079327 0.038554
0 0.058894 0.078313 0.117788 0.156627
0 0.677885 0.021687 0.062500 0.043373
1 0.925481 0.024096 0.096154 0.048193
