1 0.062500 0.443510 0.110577 0.117788
1 0.633413 0.390625 0.050481 0.055288
1 0.205529 0.375000 0.050481 0.062500
1 0.673077 0.384615 0.038462 0.038462
1 0.079327 0.393029 0.076923 0.079327
1 0.170673 0.385817 0.052885 0.064904
1 0.948317 0.474760 0.079327 0.093750
1 0.340144 0.356971 0.031250 0.040865
1 0.443510 0.364183 0.036058 0.045673
1 0.518029 0.370192 0.036058 0.048077
1 0.804087 0.423077 0.069712 0.081731
1 0.063702 0.058894 0.112981 0.117788
1 0.633413 0.111779 0.050481 0.055288
1 0.205529 0.125000 0.050481 0.062500
1 0.673077 0.115385 0.038462 0.038462
1 0.079327 0.109375 0.076923 0.079327
1 0.170673 0.116587 0.052885 0.064904
1 0.947115 0.037260 0.081731 0.074519
1 0.947115 0.987981 0.081731 0.019231
1 0.340144 0.145433 0.031250 0.040865
1 0.443510 0.138221 0.036058 0.045673
1 0.518029 0.129808 0.036058 0.048077
1 0.804087 0.076923 0.069712 0.081731
