0 0.682692 0.612981 0.072115 0.091346
0 0.894231 0.539663 0.062500 0.084135
0 0.495192 0.617788 0.081731 0.100962
0 0.735577 0.585337 0.062500 0.074519
0 0.945913 0.526442 0.055288 0.076923
0 0.183894 0.510817 0.060096 0.079327
0 0.181490 0.605769 0.060096 0.076923
0 0.617788 0.531250 0.057692 0.067308
0 0.268029 0.674279 0.084135 0.122596
0 0.780048 0.509615 0.060096 0.086538
0 0.533654 0.564904 0.067308 0.067308
0 0.296875 0.567308 0.050481 0.067308
0 0.556490 0.507212 0.050481 0.057692
0 0.459135 0.477163 0.048077 0.060096
0 0.420673 0.558894 0.052885 0.060096
0 0.266827 0.961538 0.086538 0.072115
