0 0.141827 0.441106 0.125000 0.122596
0 0.186298 0.582933 0.141827 0.141827
0 0.336538 0.724760 0.173077 0.180288
0 0.463942 0.548077 0.129808 0.163462
0 0.527644 0.391827 0.079327 0.081731
0 0.539663 0.468750 0.122596 0.096154
0 0.657452 0.519231 0.088942 0.105769
0 0.634615 0.360577 0.057692 0.072115
0 0.683894 0.382212 0.060096 0.072115
0 0.707933 0.444712 0.084135 0.081731
0 0.860577 0.501202 0.153846 0.165865
0 0.804087 0.443510 0.084135 0.098558
0 0.853365 0.370192 0.076923 0.086538
0 0.337740 0.919471 0.175481 0.156250
0 0.635817 0.007212 0.060096 0.014423
