0 0.170673 0.414458 0.163462 0.168675
0 0.787260 0.416867 0.064904 0.057831
0 0.274038 0.433735 0.115385 0.125301
0 0.495192 0.422892 0.086538 0.118072
0 0.858173 0.424096 0.048077 0.053012
0 0.909856 0.414458 0.045673 0.057831
0 0.701923 0.438554 0.033654 0.057831
0 0.670673 0.436145 0.019231 0.033735
0 0.171875 0.055422 0.165865 0.110843
0 0.786058 0.026506 0.067308 0.053012
0 0.275240 0.034940 0.117788 0.069880
0 0.496394 0.038554 0.088942 0.077108
0 0.859375 0.021687 0.050481 0.043373
0 0.908654 0.027711 0.048077 0.055422
0 0.703125 0.015663 0.036058 0.031325
0 0.671875 0.010843 0.021635 0.021687
