0 0.587952 0.759615 0.057831 0.076923
0 0.384337 0.731971 0.036145 0.050481
0 0.455422 0.751202 0.028916 0.050481
0 0.531325 0.292067 0.026506 0.031250
1 0.232530 0.719952 0.021687 0.026442
1 0.312048 0.730769 0.021687 0.024038
1 0.195181 0.703125 0.019277 0.026442
1 0.269880 0.729567 0.019277 0.021635
1 0.254217 0.709135 0.016867 0.019231
1 0.297590 0.719952 0.016867 0.021635
1 0.331325 0.722356 0.016867 0.026442
1 0.348193 0.717548 0.021687 0.026442
1 0.474699 0.727163 0.019277 0.016827
1 0.533735 0.730769 0.016867 0.024038
1 0.693976 0.741587 0.019277 0.021635
1 0.444578 0.725962 0.016867 0.019231
1 0.102410 0.719952 0.021687 0.026442
1 0.022892 0.730769 0.021687 0.024038
1 0.137349 0.703125 0.019277 0.026442
1 0.062651 0.729567 0.019277 0.021635
1 0.080723 0.709135 0.016867 0.019231
1 0.037349 0.719952 0.016867 0.021635
1 0.006024 0.721154 0.012048 0.028846
1 0.973494 0.741587 0.019277 0.021635
