1 0.231971 0.301205 0.060096 0.077108
1 0.305288 0.308434 0.052885 0.072289
1 0.141827 0.298795 0.057692 0.110843
1 0.596154 0.314458 0.052885 0.060241
1 0.087740 0.293976 0.050481 0.106024
1 0.379808 0.324096 0.024038 0.045783
1 0.040865 0.279518 0.076923 0.226506
1 0.350962 0.332530 0.028846 0.048193
1 0.485577 0.327711 0.043269 0.062651
1 0.453125 0.318072 0.031250 0.057831
1 0.537260 0.314458 0.026442 0.045783
1 0.700721 0.337349 0.026442 0.038554
1 0.675481 0.328916 0.024038 0.045783
1 0.230769 0.036145 0.062500 0.072289
1 0.306490 0.031325 0.055288 0.062651
1 0.143029 0.045783 0.060096 0.091566
1 0.597356 0.025301 0.055288 0.050602
1 0.086538 0.046988 0.052885 0.093976
1 0.381010 0.016867 0.026442 0.033735
1 0.042067 0.084337 0.079327 0.168675
1 0.352163 0.013253 0.031250 0.026506
1 0.486779 0.019277 0.045673 0.038554
1 0.451923 0.022892 0.033654 0.045783
1 0.536058 0.021687 0.028846 0.043373
1 0.699519 0.008434 0.028846 0.016867
1 0.676683 0.014458 0.026442 0.028916
