0 0.870192 0.338554 0.081731 0.093976
0 0.967548 0.320482 0.055288 0.115663
1 0.644231 0.351807 0.072115 0.081928
1 0.203125 0.301205 0.103365 0.120482
1 0.319712 0.356627 0.062500 0.081928
1 0.444712 0.338554 0.052885 0.069880
0 0.722356 0.345783 0.050481 0.079518
0 0.871394 0.021687 0.084135 0.043373
0 0.966346 0.036145 0.057692 0.072289
1 0.645433 0.012048 0.074519 0.024096
1 0.201923 0.046988 0.105769 0.093976
1 0.320913 0.009639 0.064904 0.019277
1 0.445913 0.015663 0.055288 0.031325
0 0.721154 0.014458 0.052885 0.028916
