0 0.740385 0.256010 0.081731 0.084135
0 0.868990 0.323317 0.074519 0.084135
0 0.314904 0.266827 0.067308 0.072115
0 0.325721 0.358173 0.098558 0.105769
0 0.557692 0.368990 0.076923 0.093750
0 0.072115 0.276442 0.052885 0.062500
0 0.474760 0.266827 0.050481 0.052885
0 0.539663 0.256010 0.045673 0.060096
0 0.826923 0.251202 0.052885 0.064904
0 0.740385 0.078125 0.081731 0.084135
0 0.867788 0.026442 0.076923 0.052885
0 0.314904 0.064904 0.067308 0.072115
0 0.324519 0.014423 0.100962 0.028846
0 0.072115 0.055288 0.052885 0.062500
0 0.474760 0.064904 0.050481 0.052885
0 0.539663 0.078125 0.045673 0.060096
0 0.826923 0.082933 0.052885 0.064904
