0 0.278846 0.445783 0.043269 0.043373
0 0.364183 0.479518 0.045673 0.043373
0 0.506010 0.432530 0.040865 0.045783
0 0.811298 0.321687 0.026442 0.036145
1 0.127404 0.668675 0.072115 0.045783
1 0.179087 0.497590 0.045673 0.040964
1 0.076923 0.593976 0.057692 0.060241
1 0.127404 0.619277 0.067308 0.053012
1 0.259615 0.514458 0.048077 0.045783
1 0.332933 0.536145 0.055288 0.045783
1 0.438702 0.512048 0.055288 0.055422
1 0.558894 0.453012 0.055288 0.048193
1 0.632212 0.321687 0.033654 0.031325
1 0.687500 0.320482 0.028846 0.024096
0 0.596154 0.359036 0.033654 0.033735
0 0.769231 0.316867 0.033654 0.031325
