0 0.069712 0.436298 0.048077 0.055288
0 0.197115 0.430288 0.043269 0.057692
0 0.343750 0.437500 0.048077 0.057692
0 0.298077 0.472356 0.033654 0.045673
0 0.402644 0.477163 0.031250 0.050481
0 0.455529 0.448317 0.050481 0.050481
0 0.491587 0.456731 0.031250 0.048077
0 0.537260 0.481971 0.031250 0.045673
0 0.574519 0.472356 0.043269 0.050481
0 0.631010 0.453125 0.026442 0.045673
0 0.653846 0.467548 0.038462 0.055288
0 0.703125 0.451923 0.040865 0.057692
0 0.795673 0.472356 0.038462 0.045673
0 0.933894 0.469952 0.050481 0.060096
0 0.069712 0.085337 0.048077 0.055288
0 0.197115 0.088942 0.043269 0.057692
0 0.343750 0.081731 0.048077 0.057692
0 0.298077 0.049279 0.033654 0.045673
0 0.299279 0.987981 0.036058 0.019231
0 0.402644 0.044471 0.031250 0.050481
0 0.401442 0.984375 0.033654 0.026442
0 0.455529 0.073317 0.050481 0.050481
0 0.491587 0.062500 0.031250 0.048077
0 0.537260 0.039663 0.031250 0.045673
0 0.536058 0.983173 0.033654 0.028846
0 0.574519 0.049279 0.043269 0.050481
0 0.575721 0.986779 0.045673 0.021635
0 0.631010 0.068510 0.026442 0.045673
0 0.653846 0.054087 0.038462 0.055288
0 0.655048 0.987981 0.040865 0.019231
0 0.703125 0.067308 0.040865 0.057692
0 0.795673 0.049279 0.038462 0.045673
0 0.796875 0.987981 0.040865 0.019231
0 0.933894 0.051683 0.050481 0.060096
0 0.932692 0.985577 0.052885 0.024038
