0 0.147837 0.338942 0.088942 0.110577
0 0.884615 0.373798 0.072115 0.093750
0 0.377404 0.384615 0.048077 0.067308
0 0.096154 0.353365 0.033654 0.062500
1 0.586538 0.336538 0.062500 0.076923
1 0.290865 0.373798 0.062500 0.074519
1 0.444712 0.366587 0.057692 0.074519
1 0.730769 0.381010 0.052885 0.060096
1 0.819712 0.373798 0.052885 0.064904
1 0.504808 0.356971 0.057692 0.069712
0 0.146635 0.030048 0.091346 0.060096
0 0.097356 0.010817 0.036058 0.021635
1 0.587740 0.022837 0.064904 0.045673
1 0.445913 0.007212 0.060096 0.014423
1 0.506010 0.010817 0.060096 0.021635
