0 0.078125 0.451923 0.016827 0.019231
0 0.447115 0.436298 0.019231 0.016827
0 0.512019 0.498798 0.024038 0.021635
0 0.810096 0.513221 0.028846 0.036058
0 0.933894 0.519231 0.036058 0.033654
0 0.675481 0.447115 0.014423 0.014423
0 0.663462 0.439904 0.014423 0.014423
0 0.252404 0.403846 0.009615 0.014423
0 0.237981 0.412260 0.009615 0.012019
2 0.072115 0.490385 0.038462 0.091346
2 0.237981 0.432692 0.014423 0.057692
2 0.256010 0.425481 0.016827 0.048077
2 0.514423 0.552885 0.038462 0.134615
2 0.441106 0.459135 0.031250 0.067308
2 0.682692 0.485577 0.028846 0.091346
2 0.661058 0.472356 0.019231 0.079327
2 0.807692 0.579327 0.072115 0.153846
2 0.942308 0.606971 0.100962 0.199519
0 0.078125 0.125000 0.016827 0.019231
0 0.078125 0.961538 0.016827 0.019231
0 0.447115 0.143029 0.019231 0.016827
0 0.447115 0.979567 0.019231 0.016827
0 0.512019 0.080529 0.024038 0.021635
0 0.512019 0.917067 0.024038 0.021635
0 0.810096 0.066106 0.028846 0.036058
0 0.810096 0.902644 0.028846 0.036058
0 0.933894 0.057692 0.036058 0.033654
0 0.933894 0.894231 0.036058 0.033654
0 0.675481 0.129808 0.014423 0.014423
0 0.675481 0.966346 0.014423 0.014423
0 0.663462 0.137019 0.014423 0.014423
0 0.663462 0.973558 0.014423 0.014423
0 0.252404 0.173077 0.009615 0.014423
0 0.237981 0.167067 0.009615 0.012019
0 0.239183 0.996394 0.012019 0.002404
2 0.072115 0.086538 0.038462 0.091346
2 0.072115 0.923077 0.038462 0.091346
2 0.237981 0.144231 0.014423 0.057692
2 0.239183 0.974760 0.016827 0.045673
2 0.256010 0.151442 0.016827 0.048077
2 0.254808 0.980769 0.019231 0.033654
2 0.515625 0.046875 0.040865 0.093750
2 0.514423 0.860577 0.038462 0.134615
2 0.441106 0.117788 0.031250 0.067308
2 0.441106 0.954327 0.031250 0.067308
2 0.682692 0.091346 0.028846 0.091346
2 0.682692 0.927885 0.028846 0.091346
2 0.661058 0.106971 0.019231 0.079327
2 0.661058 0.943510 0.019231 0.079327
2 0.808894 0.038462 0.074519 0.076923
2 0.807692 0.834135 0.072115 0.153846
2 0.943510 0.036058 0.103365 0.072115
2 0.942308 0.808894 0.100962 0.199519
