0 0.058894 0.299279 0.117788 0.170673
0 0.580529 0.322115 0.093750 0.110577
0 0.307692 0.332933 0.100962 0.122596
0 0.770433 0.295673 0.103365 0.134615
0 0.426683 0.325721 0.084135 0.117788
0 0.180288 0.349760 0.115385 0.137019
0 0.882212 0.358173 0.076923 0.120192
0 0.058894 0.060096 0.117788 0.120192
0 0.579327 0.033654 0.096154 0.067308
0 0.308894 0.031250 0.103365 0.062500
0 0.769231 0.052885 0.105769 0.105769
0 0.425481 0.033654 0.086538 0.067308
0 0.181490 0.026442 0.117788 0.052885
0 0.883413 0.018029 0.079327 0.036058
