1 0.600962 0.328916 0.067308 0.074699
1 0.108173 0.387952 0.129808 0.139759
1 0.939904 0.339759 0.062500 0.062651
1 0.805288 0.332530 0.048077 0.057831
1 0.864183 0.339759 0.045673 0.053012
1 0.433894 0.359036 0.045673 0.057831
1 0.710337 0.340964 0.040865 0.050602
1 0.233173 0.355422 0.043269 0.050602
1 0.319712 0.359036 0.048077 0.057831
1 0.646635 0.354217 0.033654 0.048193
1 0.600962 0.054217 0.067308 0.074699
1 0.109375 0.032530 0.132212 0.065060
1 0.939904 0.040964 0.062500 0.062651
1 0.805288 0.048193 0.048077 0.057831
1 0.864183 0.040964 0.045673 0.053012
1 0.432692 0.026506 0.048077 0.053012
1 0.710337 0.042169 0.040865 0.050602
1 0.233173 0.027711 0.043269 0.050602
1 0.320913 0.026506 0.050481 0.053012
1 0.646635 0.026506 0.033654 0.048193
