1 0.117788 0.350962 0.110577 0.100962
1 0.194712 0.322115 0.033654 0.052885
1 0.024038 0.286058 0.024038 0.038462
1 0.240385 0.329327 0.067308 0.091346
1 0.278846 0.274038 0.038462 0.043269
1 0.337740 0.314904 0.069712 0.076923
1 0.401442 0.326923 0.052885 0.062500
1 0.433894 0.292067 0.031250 0.036058
1 0.485577 0.336538 0.067308 0.081731
1 0.606971 0.371394 0.050481 0.079327
1 0.864183 0.432692 0.108173 0.086538
1 0.902644 0.338942 0.040865 0.062500
1 0.812500 0.349760 0.038462 0.050481
0 0.757212 0.320913 0.033654 0.045673
0 0.709135 0.318510 0.033654 0.050481
0 0.677885 0.330529 0.038462 0.050481
1 0.641827 0.336538 0.038462 0.062500
0 0.612981 0.292067 0.019231 0.026442
1 0.118990 0.016827 0.112981 0.033654
1 0.195913 0.019231 0.036058 0.038462
1 0.024038 0.045673 0.024038 0.038462
1 0.241587 0.025240 0.069712 0.050481
1 0.278846 0.057692 0.038462 0.043269
1 0.336538 0.028846 0.072115 0.057692
1 0.402644 0.019231 0.055288 0.038462
1 0.433894 0.042067 0.031250 0.036058
1 0.486779 0.019231 0.069712 0.038462
1 0.901442 0.013221 0.043269 0.026442
1 0.813702 0.004808 0.040865 0.009615
0 0.758413 0.018029 0.036058 0.036058
0 0.710337 0.020433 0.036058 0.040865
0 0.679087 0.014423 0.040865 0.028846
1 0.643029 0.014423 0.040865 0.028846
0 0.612981 0.042067 0.019231 0.026442
