0 0.173077 0.337740 0.062500 0.084135
0 0.350962 0.342548 0.052885 0.079327
1 0.631010 0.326923 0.069712 0.091346
1 0.731971 0.352163 0.064904 0.084135
1 0.302885 0.320913 0.076923 0.088942
1 0.058894 0.307692 0.093750 0.110577
1 0.853365 0.360577 0.052885 0.067308
1 0.516827 0.343750 0.052885 0.062500
1 0.962740 0.323317 0.069712 0.199519
0 0.174279 0.009615 0.064904 0.019231
1 0.629808 0.016827 0.072115 0.033654
1 0.304087 0.019231 0.079327 0.038462
1 0.057692 0.031250 0.096154 0.062500
1 0.961538 0.045673 0.072115 0.091346
