0 0.717548 0.354567 0.079327 0.093750
0 0.308894 0.364183 0.098558 0.088942
0 0.587740 0.336538 0.045673 0.057692
0 0.560096 0.328125 0.028846 0.040865
0 0.628606 0.336538 0.040865 0.057692
0 0.465144 0.355769 0.021635 0.033654
1 0.949519 0.338942 0.028846 0.033654
0 0.669471 0.338942 0.026442 0.038462
0 0.716346 0.013221 0.081731 0.026442
0 0.586538 0.013221 0.048077 0.026442
0 0.561298 0.013221 0.031250 0.026442
0 0.627404 0.013221 0.043269 0.026442
1 0.950721 0.006010 0.031250 0.012019
0 0.668269 0.007212 0.028846 0.014423
