0 0.147837 0.371394 0.170673 0.213942
0 0.812500 0.390625 0.177885 0.218750
0 0.475962 0.350962 0.057692 0.081731
0 0.612981 0.342548 0.076923 0.108173
0 0.679087 0.329327 0.117788 0.129808
0 0.537260 0.341346 0.050481 0.072115
0 0.384615 0.356971 0.048077 0.064904
0 0.420673 0.341346 0.043269 0.062500
0 0.308894 0.324519 0.045673 0.057692
1 0.268029 0.349760 0.069712 0.093750
1 0.953125 0.362981 0.055288 0.057692
0 0.146635 0.039663 0.173077 0.079327
0 0.813702 0.031250 0.180288 0.062500
0 0.477163 0.016827 0.060096 0.033654
0 0.614183 0.027644 0.079327 0.055288
0 0.677885 0.039663 0.120192 0.079327
0 0.536058 0.019231 0.052885 0.038462
0 0.385817 0.009615 0.050481 0.019231
0 0.421875 0.016827 0.045673 0.033654
0 0.307692 0.024038 0.048077 0.048077
1 0.266827 0.020433 0.072115 0.040865
