0 0.382212 0.441106 0.057692 0.069712
0 0.234375 0.472356 0.050481 0.064904
0 0.945913 0.474760 0.045673 0.064904
0 0.501202 0.436298 0.045673 0.069712
1 0.840144 0.466346 0.055288 0.062500
1 0.150240 0.475962 0.050481 0.067308
1 0.659856 0.448317 0.045673 0.060096
0 0.317308 0.460337 0.038462 0.060096
1 0.456731 0.460337 0.033654 0.040865
1 0.427885 0.460337 0.024038 0.036058
1 0.540865 0.453125 0.033654 0.055288
1 0.617788 0.460337 0.038462 0.045673
1 0.570913 0.461538 0.031250 0.038462
1 0.739183 0.466346 0.031250 0.043269
1 0.718750 0.466346 0.028846 0.033654
1 0.759615 0.463942 0.024038 0.033654
