1 0.897837 0.372289 0.069712 0.098795
1 0.324519 0.373494 0.081731 0.096386
1 0.558894 0.371084 0.069712 0.091566
1 0.042067 0.357831 0.069712 0.118072
1 0.832933 0.409639 0.112981 0.149398
1 0.120192 0.387952 0.120192 0.144578
1 0.485577 0.390361 0.086538 0.106024
1 0.242788 0.332530 0.105769 0.144578
1 0.705529 0.371084 0.093750 0.130120
1 0.377404 0.369880 0.057692 0.069880
1 0.639423 0.377108 0.048077 0.074699
1 0.040865 0.018072 0.072115 0.036145
1 0.243990 0.037349 0.108173 0.074699
1 0.704327 0.014458 0.096154 0.028916
