1 0.167067 0.331325 0.098558 0.113253
1 0.088942 0.310843 0.057692 0.091566
1 0.239183 0.345783 0.055288 0.074699
1 0.307692 0.360241 0.043269 0.065060
1 0.354567 0.345783 0.055288 0.065060
1 0.546875 0.375904 0.069712 0.081928
1 0.763221 0.353012 0.069712 0.074699
1 0.836538 0.369880 0.062500 0.069880
1 0.983173 0.373494 0.024038 0.086747
1 0.165865 0.030120 0.100962 0.060241
1 0.090144 0.034940 0.060096 0.069880
1 0.237981 0.013253 0.057692 0.026506
1 0.353365 0.010843 0.057692 0.021687
1 0.762019 0.009639 0.072115 0.019277
