1 0.218750 0.282452 0.086538 0.112981
1 0.752404 0.323317 0.067308 0.093750
1 0.057692 0.317308 0.057692 0.091346
1 0.816106 0.335337 0.045673 0.069712
1 0.441106 0.332933 0.045673 0.064904
1 0.161058 0.307692 0.048077 0.067308
1 0.582933 0.326923 0.045673 0.057692
1 0.396635 0.298077 0.052885 0.067308
1 0.485577 0.325721 0.033654 0.040865
1 0.658654 0.334135 0.033654 0.057692
1 0.715144 0.326923 0.036058 0.048077
1 0.860577 0.348558 0.048077 0.067308
1 0.977163 0.349760 0.036058 0.088942
1 0.633413 0.344952 0.031250 0.045673
