1 0.114183 0.233173 0.132212 0.163462
0 0.182692 0.257212 0.072115 0.129808
0 0.316106 0.318510 0.141827 0.165865
0 0.441106 0.307692 0.088942 0.129808
0 0.524038 0.286058 0.057692 0.076923
0 0.644231 0.265625 0.072115 0.117788
1 0.723558 0.280048 0.134615 0.199519
1 0.828125 0.313702 0.060096 0.093750
1 0.911058 0.246394 0.168269 0.237981
1 0.112981 0.050481 0.134615 0.100962
0 0.183894 0.030048 0.074519 0.060096
0 0.645433 0.022837 0.074519 0.045673
1 0.724760 0.036058 0.137019 0.072115
1 0.912260 0.062500 0.170673 0.125000
