0 0.135817 0.380723 0.045673 0.067470
0 0.697115 0.373494 0.057692 0.081928
0 0.405048 0.395181 0.060096 0.077108
0 0.240385 0.381928 0.062500 0.089157
0 0.198317 0.409639 0.055288 0.072289
0 0.281250 0.398795 0.033654 0.060241
0 0.438702 0.377108 0.021635 0.040964
0 0.475962 0.363855 0.067308 0.081928
1 0.525240 0.373494 0.045673 0.077108
0 0.563702 0.383133 0.031250 0.038554
0 0.799279 0.373494 0.040865 0.053012
0 0.870192 0.383133 0.038462 0.057831
0 0.919471 0.367470 0.064904 0.103614
0 0.969952 0.371084 0.050481 0.067470
