0 0.203125 0.393029 0.069712 0.064904
0 0.896635 0.366587 0.057692 0.069712
0 0.643029 0.372596 0.069712 0.076923
0 0.288462 0.390625 0.062500 0.069712
0 0.438702 0.403846 0.069712 0.062500
0 0.401442 0.556490 0.048077 0.079327
0 0.841346 0.420673 0.052885 0.057692
0 0.143029 0.407452 0.055288 0.060096
0 0.090144 0.401442 0.045673 0.052885
0 0.360577 0.447115 0.081731 0.105769
0 0.516827 0.451923 0.048077 0.052885
0 0.509615 0.408654 0.038462 0.048077
0 0.201923 0.015625 0.072115 0.031250
0 0.897837 0.030048 0.060096 0.060096
0 0.641827 0.028846 0.072115 0.057692
0 0.289663 0.018029 0.064904 0.036058
0 0.437500 0.009615 0.072115 0.019231
0 0.141827 0.007212 0.057692 0.014423
0 0.088942 0.008413 0.048077 0.016827
