0 0.722356 0.473494 0.074519 0.069880
0 0.329327 0.303614 0.057692 0.053012
0 0.426683 0.289157 0.050481 0.062651
0 0.331731 0.167470 0.043269 0.055422
0 0.627404 0.166265 0.048077 0.057831
0 0.807692 0.486747 0.057692 0.067470
1 0.162260 0.281928 0.040865 0.043373
1 0.043269 0.181928 0.024038 0.045783
1 0.844952 0.300000 0.040865 0.045783
1 0.796875 0.249398 0.040865 0.045783
1 0.734375 0.227711 0.045673 0.050602
1 0.609375 0.448193 0.055288 0.048193
1 0.497596 0.369880 0.057692 0.045783
1 0.586538 0.375904 0.057692 0.048193
1 0.295673 0.198795 0.043269 0.040964
1 0.418269 0.181928 0.033654 0.045783
1 0.448317 0.174699 0.036058 0.045783
1 0.480769 0.184337 0.033654 0.045783
1 0.516827 0.178313 0.033654 0.043373
1 0.558894 0.160241 0.050481 0.055422
0 0.332933 0.015663 0.045673 0.031325
0 0.628606 0.016867 0.050481 0.033735
1 0.044471 0.006024 0.026442 0.012048
1 0.419471 0.006024 0.036058 0.012048
1 0.447115 0.009639 0.038462 0.019277
1 0.481971 0.004819 0.036058 0.009639
1 0.518029 0.007229 0.036058 0.014458
1 0.557692 0.019277 0.052885 0.038554
