0 0.680288 0.364183 0.081731 0.098558
0 0.757212 0.419471 0.081731 0.108173
0 0.585337 0.445913 0.069712 0.088942
0 0.125000 0.433894 0.057692 0.069712
0 0.396635 0.405048 0.057692 0.074519
0 0.271635 0.424279 0.057692 0.064904
0 0.530048 0.403846 0.050481 0.067308
0 0.336538 0.429087 0.048077 0.060096
0 0.483173 0.413462 0.038462 0.048077
0 0.060096 0.449519 0.033654 0.043269
0 0.680288 0.051683 0.081731 0.098558
0 0.758413 0.025240 0.084135 0.050481
0 0.126202 0.008413 0.060096 0.016827
0 0.397837 0.024038 0.060096 0.048077
0 0.272837 0.012019 0.060096 0.024038
0 0.528846 0.022837 0.052885 0.045673
0 0.337740 0.008413 0.050481 0.016827
0 0.484375 0.013221 0.040865 0.026442
