0 0.110577 0.408654 0.062500 0.072115
0 0.358173 0.390625 0.057692 0.060096
0 0.649038 0.372596 0.048077 0.057692
0 0.439904 0.364183 0.052885 0.060096
0 0.027644 0.359375 0.050481 0.093750
0 0.217548 0.393029 0.050481 0.055288
0 0.167067 0.400240 0.040865 0.045673
0 0.876202 0.402644 0.045673 0.055288
0 0.979567 0.372596 0.036058 0.081731
0 0.956731 0.354567 0.033654 0.040865
0 0.473558 0.379808 0.033654 0.043269
0 0.042067 0.405048 0.040865 0.055288
0 0.877404 0.373798 0.033654 0.040865
0 0.111779 0.031250 0.064904 0.062500
0 0.358173 0.044471 0.057692 0.060096
0 0.649038 0.060096 0.048077 0.057692
0 0.439904 0.070913 0.052885 0.060096
0 0.027644 0.075721 0.050481 0.093750
0 0.217548 0.042067 0.050481 0.055288
0 0.167067 0.034856 0.040865 0.045673
0 0.876202 0.032452 0.045673 0.055288
0 0.979567 0.060096 0.036058 0.081731
0 0.956731 0.080529 0.033654 0.040865
0 0.473558 0.052885 0.033654 0.043269
0 0.042067 0.030048 0.040865 0.055288
0 0.877404 0.061298 0.033654 0.040865
