0 0.823317 0.259036 0.170673 0.180723
1 0.086538 0.283133 0.072115 0.093976
1 0.667067 0.275904 0.069712 0.093976
1 0.147837 0.302410 0.093750 0.118072
1 0.497596 0.280723 0.110577 0.122892
1 0.431490 0.265060 0.074519 0.106024
1 0.935096 0.279518 0.057692 0.072289
1 0.709135 0.274699 0.038462 0.077108
1 0.586538 0.267470 0.062500 0.072289
0 0.822115 0.083133 0.173077 0.166265
1 0.086538 0.051807 0.072115 0.093976
1 0.667067 0.059036 0.069712 0.093976
1 0.146635 0.045783 0.096154 0.091566
1 0.498798 0.057831 0.112981 0.115663
1 0.431490 0.067470 0.074519 0.106024
1 0.935096 0.053012 0.057692 0.072289
1 0.709135 0.057831 0.038462 0.077108
1 0.586538 0.065060 0.062500 0.072289
