0 0.483173 0.330529 0.076923 0.093750
0 0.774038 0.306490 0.072115 0.093750
0 0.668269 0.274038 0.081731 0.100962
0 0.551683 0.335337 0.055288 0.069712
0 0.631010 0.325721 0.050481 0.074519
0 0.854567 0.302885 0.045673 0.072115
0 0.287260 0.299279 0.050481 0.060096
0 0.893029 0.294471 0.036058 0.079327
0 0.918269 0.299279 0.033654 0.050481
0 0.945913 0.293269 0.021635 0.052885
0 0.719952 0.316106 0.055288 0.060096
0 0.775240 0.010817 0.074519 0.021635
0 0.669471 0.028846 0.084135 0.057692
0 0.853365 0.007212 0.048077 0.014423
0 0.286058 0.006010 0.052885 0.012019
0 0.891827 0.013221 0.038462 0.026442
0 0.944712 0.007212 0.024038 0.014423
