0 0.260817 0.427885 0.055288 0.076923
0 0.492788 0.441106 0.043269 0.060096
1 0.203125 0.462740 0.069712 0.084135
1 0.700721 0.433894 0.064904 0.088942
1 0.933894 0.385817 0.122596 0.137019
1 0.592548 0.442308 0.064904 0.076923
1 0.829327 0.433894 0.057692 0.079327
1 0.140625 0.457933 0.055288 0.064904
1 0.385817 0.465144 0.050481 0.069712
1 0.756010 0.449519 0.045673 0.057692
1 0.658654 0.443510 0.033654 0.060096
1 0.081731 0.478365 0.043269 0.057692
1 0.349760 0.486779 0.045673 0.060096
1 0.423077 0.433894 0.033654 0.045673
1 0.449519 0.472356 0.043269 0.050481
1 0.795673 0.454327 0.033654 0.062500
1 0.526442 0.472356 0.038462 0.050481
