0 0.937500 0.368990 0.057692 0.064904
0 0.149038 0.411058 0.043269 0.057692
0 0.240385 0.396635 0.048077 0.057692
0 0.373798 0.408654 0.045673 0.057692
0 0.563702 0.402644 0.045673 0.050481
0 0.425481 0.382212 0.033654 0.043269
0 0.114183 0.403846 0.026442 0.033654
0 0.481971 0.438702 0.036058 0.050481
0 0.521635 0.389423 0.033654 0.048077
0 0.679087 0.381010 0.031250 0.040865
0 0.725962 0.377404 0.038462 0.048077
0 0.805288 0.376202 0.038462 0.045673
0 0.603365 0.474760 0.038462 0.045673
0 0.870192 0.384615 0.043269 0.057692
0 0.590144 0.378606 0.031250 0.045673
