0 0.733173 0.329327 0.086538 0.096154
0 0.818510 0.378606 0.093750 0.108173
0 0.394231 0.385817 0.067308 0.079327
0 0.194712 0.433894 0.072115 0.069712
0 0.032452 0.301683 0.055288 0.069712
0 0.218750 0.325721 0.052885 0.093750
0 0.403846 0.247596 0.048077 0.062500
0 0.189904 0.198317 0.048077 0.050481
0 0.338942 0.210337 0.048077 0.055288
0 0.650240 0.496394 0.084135 0.074519
0 0.734375 0.026442 0.088942 0.052885
0 0.031250 0.033654 0.057692 0.067308
0 0.219952 0.027644 0.055288 0.055288
0 0.403846 0.084135 0.048077 0.062500
0 0.189904 0.135817 0.048077 0.050481
0 0.338942 0.123798 0.048077 0.055288
