0 0.141827 0.415663 0.115385 0.142169
0 0.742788 0.428916 0.067308 0.086747
0 0.473558 0.443373 0.091346 0.091566
0 0.623798 0.436145 0.074519 0.101205
0 0.840144 0.450602 0.050481 0.067470
0 0.280048 0.431325 0.050481 0.096386
0 0.352163 0.427711 0.069712 0.098795
0 0.915865 0.457831 0.096154 0.110843
0 0.430288 0.461446 0.043269 0.074699
0 0.866587 0.467470 0.055288 0.077108
0 0.703125 0.468675 0.055288 0.055422
0 0.143029 0.048193 0.117788 0.096386
0 0.743990 0.027711 0.069712 0.055422
0 0.474760 0.021687 0.093750 0.043373
0 0.622596 0.027711 0.076923 0.055422
0 0.838942 0.012048 0.052885 0.024096
0 0.278846 0.028916 0.052885 0.057831
0 0.350962 0.031325 0.072115 0.062651
0 0.917067 0.019277 0.098558 0.038554
0 0.431490 0.008434 0.045673 0.016867
