0 0.126202 0.342169 0.079327 0.101205
0 0.203125 0.381928 0.069712 0.098795
0 0.401442 0.319277 0.033654 0.036145
0 0.332933 0.315663 0.036058 0.043373
0 0.281250 0.315663 0.033654 0.043373
0 0.205529 0.322892 0.026442 0.033735
0 0.528846 0.326506 0.081731 0.113253
0 0.759615 0.308434 0.076923 0.110843
1 0.835337 0.330120 0.045673 0.057831
1 0.917067 0.316867 0.074519 0.089157
0 0.125000 0.021687 0.081731 0.043373
0 0.402644 0.016867 0.036058 0.033735
0 0.331731 0.020482 0.038462 0.040964
0 0.282452 0.020482 0.036058 0.040964
0 0.204327 0.014458 0.028846 0.028916
0 0.530048 0.032530 0.084135 0.065060
0 0.760817 0.040964 0.079327 0.081928
1 0.834135 0.016867 0.048077 0.033735
1 0.915865 0.031325 0.076923 0.062651
